-,-,-
-1003, -49, 181
-1094, -29, 202
-1154, -65, 214
-1197, -64, 256
-1211, -83, 285
-1223, -69, 288
-1223, -60, 282
-1207, -36, 259
-1207, -36, 259
-1150, -1, 231
-1083, 15, 205
-1018, -2, 159
-936, 27, 143
-829, 30, 111
-695, 24, 50
-695, 24, 50
-545, 110, -34
-308, 235, -123
29, 285, -167
227, 332, -224
348, 361, -221
417, 407, -141
346, 462, -14
346, 462, -14
221, 441, 145
-137, 172, 395
-872, -367, 698
-1707, -916, 1007
-1998, -1425, 1283
-1998, -1773, 1472
-1998, -1753, 1488
-1998, -1432, 1487
-1998, -960, 1437
-1998, -486, 1254
-1946, -144, 938
-1536, 93, 570
-960, 346, 170
-415, 574, -244
-39, 559, -373
203, 518, -287
308, 492, -171
297, 367, -91
297, 367, -91
128, 125, -40
-43, -31, 13
-190, -95, 23
-352, -154, 21
-523, -190, 55
-523, -190, 55
-686, -175, 135
-,-,-
-948, -89, 67
-901, -40, 68
-800, -66, 69
-800, -66, 69
-729, -55, 31
-634, -9, 3
-517, 7, -11
-381, 17, 16
-381, 17, 16
-267, 15, 44
-158, 21, 82
-100, 80, 98
-100, 80, 98
-81, 144, 195
-133, 200, 256
-252, 221, 292
-595, 126, 401
-1074, -121, 633
-1606, -481, 923
-1995, -880, 1159
-1998, -1252, 1228
-1998, -1420, 1164
-1998, -1305, 1074
-1998, -1011, 989
-1998, -696, 883
-1791, -391, 683
-1475, -133, 500
-1222, 16, 361
-1032, 86, 247
-787, 183, 129
-574, 213, 37
-574, 213, 37
-398, 200, 1
-267, 201, 0
-213, 213, -5
-163, 194, -15
-163, 194, -15
-164, 122, -46
-241, 39, -37
-332, -49, 2
-441, -95, 70
-571, -133, 136
-,-,-
-1144, -42, 383
-1110, -22, 397
-1288, -39, 437
-1349, -121, 450
-1483, -114, 518
-1477, -153, 520
-1443, -195, 555
-1414, -189, 585
-1379, -179, 622
-1236, -189, 547
-1077, -148, 450
-894, -119, 352
-723, -57, 231
-576, -11, 76
-279, 9, 7
-279, 9, 7
-117, -7, -129
17, 94, -234
189, 132, -379
352, 89, -387
352, 89, -387
324, 56, -374
403, 69, -266
238, 89, -127
-19, 80, 100
-245, -63, 334
-245, -63, 334
-612, -116, 529
-1489, -89, 675
-1998, 26, 848
-1998, 19, 908
-1998, -36, 959
-1998, -124, 1014
-1998, -150, 1116
-1998, -106, 1113
-1898, -60, 928
-1553, -24, 651
-1214, 36, 507
-931, 37, 353
-573, 3, 264
-573, 3, 264
-439, 42, 162
-354, 38, 124
-,-,-
-967, -295, 444
-840, -300, 460
-827, -293, 521
-933, -230, 506
-1082, -265, 423
-1063, -270, 401
-1019, -264, 417
-990, -242, 403
-845, -209, 388
-609, -248, 342
-301, -327, 257
57, -402, 195
57, -402, 195
480, -541, 35
965, -727, -212
1230, -706, -349
1060, -333, -270
557, 153, -36
-130, 666, 367
-1091, 1172, 845
-1984, 1762, 1357
-1998, 1997, 1669
-1998, 1904, 1337
-1998, 1552, 1029
-1998, 1315, 907
-1866, 1093, 900
-983, 738, 746
-,-,-
-961, -248, 455
-957, -243, 440
-949, -275, 392
-960, -269, 379
-1010, -244, 364
-975, -212, 386
-870, -215, 363
-678, -248, 330
-678, -248, 330
-419, -321, 251
-54, -421, 153
441, -573, 38
970, -731, -144
1137, -566, -139
995, -146, 20
695, 220, 123
149, 504, 358
149, 504, 358
-888, 1109, 945
-1958, 1789, 1605
-1998, 1997, 1820
-1998, 1885, 1470
-1998, 1568, 1178
-1998, 1443, 1108
-1998, 1250, 952
-1453, 955, 722
-,-,-
-821, -324, 359
-821, -324, 359
-625, -286, 385
-531, -350, 255
-385, -388, 154
-108, -406, 96
141, -458, 24
357, -454, 2
559, -361, 119
697, -207, 242
697, -207, 242
678, -31, 318
475, 63, 261
22, 315, 468
-730, 794, 952
-1624, 1128, 1265
-1998, 1536, 1606
-1998, 1838, 1685
-1998, 1735, 1395
-1998, 1545, 1232
-1998, 1352, 1113
-1971, 1203, 1084
-1245, 1001, 940
-356, 637, 632
308, 257, 490
759, 257, 370
759, -81, 370
863, -340, 210
877, -527, 156
-,-,-
-764, -251, 351
-677, -295, 306
-525, -344, 254
-525, -344, 254
-332, -374, 186
-88, -380, 144
153, -437, 99
332, -451, 93
515, -326, 230
673, -205, 333
689, -107, 279
689, -107, 279
451, 27, 233
140, 326, 437
-399, 701, 800
-1311, 1097, 1196
-1998, 1637, 1655
-1998, 1891, 1765
-1998, 1771, 1509
-1998, 1553, 1285
-1998, 1403, 1152
-1997, 1269, 1096
-1347, 1102, 1011
-367, 747, 744
483, 271, 495
1022, -172, 252
-,-,-
-605, -464, -65
-281, -471, 51
-231, -362, 157
-249, -319, 160
-142, -283, 207
-16, -248, 246
169, -199, 320
394, -117, 449
394, -117, 449
418, -72, 435
321, -34, 334
-35, 165, 384
-801, 661, 760
-1857, 1189, 1173
-1998, 1296, 1098
-1998, 1258, 1029
-1998, 1327, 1030
-1998, 1308, 968
-1998, 1231, 938
-1996, 1061, 934
-1431, 921, 1005
-741, 707, 883
-148, 334, 600
-148, 334, 600
256, 14, 389
-,-,-
-838, -380, 360
-644, -347, 338
-442, -320, 324
-222, -415, 197
101, -503, 63
359, -456, 78
478, -355, 138
620, -252, 186
743, -142, 218
743, -142, 218
661, 60, 248
304, 308, 363
-281, 671, 617
-1107, 1128, 1088
-1909, 1502, 1488
-1998, 1647, 1582
-1998, 1682, 1555
-1998, 1692, 1553
-1998, 1602, 1489
-1998, 1454, 1354
-1967, 1282, 1193
-1375, 1097, 1095
-606, 885, 971
-66, 591, 682
266, 246, 330
618, -81, 119
923, -475, -86
923, -475, -86
-,-,-
-561, -433, 335
-561, -433, 335
-439, -375, 305
-293, -358, 223
-68, -388, 109
246, -445, 5
502, -483, -66
713, -363, 31
693, -143, 206
693, -143, 206
597, 56, 322
466, 222, 452
159, 509, 687
-504, 921, 1045
-1444, 1279, 1364
-1996, 1613, 1641
-1998, 1819, 1727
-1998, 1777, 1640
-1998, 1628, 1505
-1998, 1537, 1354
-1998, 1383, 1207
-1757, 1261, 1144
-955, 1053, 1083
-380, 796, 925
122, 492, 677
547, 153, 347
806, -201, 60
806, -201, 60
951, -648, -173
-,-,-
-738, -273, 472
-620, -384, 370
-445, -351, 306
-334, -398, 219
-127, -406, 171
135, -394, 179
412, -495, 97
412, -495, 97
554, -465, 78
595, -244, 204
464, 7, 367
292, 246, 462
15, 496, 626
15, 496, 626
-541, 847, 938
-1362, 1198, 1243
-1975, 1490, 1367
-1998, 1559, 1376
-1998, 1518, 1340
-1998, 1487, 1290
-1998, 1490, 1272
-1998, 1402, 1161
-1890, 1286, 1149
-1173, 1139, 1174
-460, 926, 1120
42, 671, 953
400, 431, 769
861, -99, 317
1159, -617, -100
957, -700, -136
668, -618, -115
323, -596, -147
-,-,-
-652, -289, 376
-491, -347, 264
-397, -383, 232
-397, -383, 232
-235, -338, 203
37, -364, 107
353, -383, 49
570, -367, 101
686, -261, 178
450, 4, 262
450, 4, 262
236, 251, 393
-8, 555, 669
-582, 933, 961
-1363, 1264, 1184
-1985, 1529, 1362
-1998, 1668, 1428
-1998, 1756, 1451
-1998, 1646, 1280
-1998, 1504, 1128
-1998, 1415, 1055
-1826, 1365, 1139
-1201, 1217, 1125
-657, 1008, 992
-102, 756, 826
282, 490, 608
565, 142, 364
565, 142, 364
736, -208, 176
753, -407, 120
618, -531, -38
412, -656, -154
-,-,-
-771, -205, 503
-610, -377, 322
-457, -387, 268
-257, -409, 161
-84, -440, 76
92, -442, 44
92, -442, 44
299, -415, 41
488, -336, 93
519, -183, 193
429, 55, 311
429, 55, 311
199, 316, 478
-86, 609, 655
-533, 889, 838
-1258, 1175, 1014
-1948, 1626, 1355
-1998, 1957, 1534
-1998, 1874, 1394
-1998, 1711, 1243
-1998, 1645, 1204
-1998, 1558, 1192
-1623, 1404, 1176
-887, 1166, 1107
-234, 861, 977
112, 616, 794
295, 305, 524
539, -43, 302
539, -43, 302
647, -293, 245
567, -426, 188
350, -480, 127
-,-,-
-713, -286, 512
-624, -299, 480
-490, -456, 238
-398, -448, 213
-398, -448, 213
-284, -417, 208
-80, -431, 188
215, -442, 176
401, -430, 128
529, -299, 206
610, -113, 301
438, 145, 434
34, 466, 577
34, 466, 577
-531, 805, 730
-1157, 1120, 894
-1802, 1310, 980
-1998, 1515, 1046
-1998, 1678, 1139
-1998, 1675, 1044
-1998, 1485, 849
-1998, 1412, 861
-1998, 1396, 986
-1620, 1283, 1046
-971, 1066, 1005
-388, 783, 887
69, 508, 682
299, 248, 457
646, -158, 193
646, -158, 193
851, -473, 114
-,-,-
-723, -296, 525
-559, -335, 466
-422, -354, 422
-291, -359, 363
-101, -374, 306
91, -345, 305
91, -345, 305
277, -325, 300
354, -268, 312
309, -135, 375
138, 116, 509
-109, 371, 584
-471, 583, 692
-940, 840, 853
-940, 840, 853
-1700, 1167, 1031
-1998, 1420, 1082
-1998, 1445, 983
-1998, 1364, 852
-1998, 1333, 870
-1998, 1324, 864
-1998, 1271, 866
-1805, 1192, 932
-1320, 1134, 1029
-825, 987, 975
-256, 718, 827
154, 442, 640
543, 104, 404
778, -292, 134
782, -519, 18
782, -519, 18
609, -584, 21
433, -653, -51
230, -653, -59
-52, -569, 0
-347, -467, 85
-347, -467, 85
-,-,-
-747, -298, 499
-656, -331, 488
-550, -407, 338
-337, -499, 171
-57, -516, 137
-57, -516, 137
205, -476, 182
351, -376, 253
511, -227, 390
634, -101, 436
547, 98, 463
237, 417, 599
237, 417, 599
-94, 694, 716
-463, 942, 774
-1068, 1181, 849
-1834, 1497, 993
-1998, 1755, 1121
-1998, 1826, 1085
-1998, 1754, 965
-1998, 1632, 888
-1998, 1592, 878
-1998, 1542, 916
-1654, 1417, 929
-981, 1210, 914
-458, 1067, 926
146, 765, 854
655, 311, 560
655, 311, 560
975, -167, 256
979, -422, 179
832, -530, 147
711, -636, 35
373, -602, 44
-90, -428, 160
-90, -428, 160
-460, -318, 237
-,-,-
-802, -261, 477
-687, -232, 482
-577, -245, 462
-504, -328, 364
-289, -392, 272
-58, -387, 238
95, -394, 171
224, -361, 185
261, -200, 330
199, -22, 468
199, -22, 468
28, 124, 541
-251, 326, 623
-736, 607, 738
-1287, 849, 891
-1819, 991, 930
-1998, 1142, 896
-1998, 1285, 868
-1998, 1407, 909
-1998, 1303, 750
-1998, 1135, 659
-1994, 1100, 782
-1654, 1061, 926
-1654, 1061, 926
-1192, 954, 954
-762, 785, 854
-380, 609, 726
8, 340, 556
276, 57, 403
520, -182, 277
649, -469, 32
649, -469, 32
655, -694, -171
612, -780, -173
411, -737, -128
-,-,-
-176, -326, 324
44, -396, 237
229, -328, 296
229, -328, 296
226, -159, 434
194, 30, 563
67, 254, 686
-88, 459, 734
-204, 459, 777
-204, 586, 777
-380, 740, 778
-784, 1084, 958
-1553, 1509, 1182
-1997, 1632, 1174
-1998, 1639, 1131
-1998, 1663, 1146
-1998, 1656, 1089
-1998, 1556, 932
-1998, 1394, 763
-1791, 1281, 807
-1242, 1159, 889
-918, 1019, 863
-670, 930, 855
-332, 784, 881
76, 545, 821
246, 267, 629
213, 63, 487
213, 63, 487
122, -33, 413
72, -175, 285
169, -353, 140
158, -474, 74
158, -474, 74
-17, -469, 81
-188, -429, 117
-278, -510, 99
-,-,-
-357, -387, 263
-105, -366, 276
68, -270, 327
163, -211, 322
302, -116, 362
302, -116, 362
310, 43, 386
268, 233, 489
96, 506, 683
-120, 740, 792
-406, 938, 833
-406, 938, 833
-811, 1194, 1008
-1342, 1474, 1231
-1922, 1659, 1339
-1998, 1722, 1251
-1998, 1728, 1185
-1998, 1675, 1062
-1998, 1546, 884
-1998, 1375, 686
-1852, 1253, 691
-1392, 1174, 829
-1155, 1161, 980
-949, 1090, 994
-749, 964, 905
-513, 784, 786
-188, 572, 677
34, 352, 568
198, 121, 464
229, -24, 420
229, -24, 420
206, -199, 287
162, -306, 257
139, -412, 191
37, -474, 171
-,-,-
57, -472, 189
307, -481, 172
535, -401, 233
576, -272, 309
576, -272, 309
368, -38, 412
235, 258, 533
13, 510, 602
-186, 667, 678
-418, 906, 832
-879, 1222, 1008
-1465, 1406, 1063
-1895, 1459, 1073
-1998, 1546, 1139
-1998, 1679, 1146
-1998, 1761, 1038
-1998, 1665, 766
-1998, 1452, 511
-1998, 1267, 426
-1684, 1189, 573
-1338, 1163, 753
-1040, 990, 751
-526, 770, 726
-526, 770, 726
-210, 510, 623
-42, 297, 522
-3, 169, 508
185, 13, 428
260, -205, 275
260, -205, 275
233, -341, 218
201, -384, 265
-,-,-
-437, -306, 386
-293, -331, 260
-74, -374, 199
94, -313, 243
130, -199, 340
141, -75, 421
117, 87, 509
117, 87, 509
79, 274, 632
-108, 527, 775
-308, 747, 922
-415, 857, 957
-753, 1088, 1034
-1316, 1371, 1179
-1871, 1546, 1187
-1998, 1607, 1148
-1998, 1675, 1189
-1998, 1680, 1137
-1998, 1557, 968
-1998, 1356, 756
-1857, 1218, 705
-1429, 1098, 745
-1086, 1016, 807
-828, 870, 790
-641, 706, 701
-641, 706, 621
-551, 556, 621
-,-,-
-38, -326, 156
-38, -326, 156
-27, -194, 269
-77, -59, 393
-80, 8, 492
-68, 138, 609
-141, 349, 768
-141, 349, 768
-271, 477, 833
-381, 517, 840
-481, 677, 969
-728, 948, 1117
-1156, 1153, 1229
-1515, 1184, 1154
-1884, 1313, 1168
-1998, 1623, 1399
-1998, 1775, 1425
-1998, 1570, 1126
-1998, 1357, 885
-1998, 1237, 791
-1797, 1176, 794
-1394, 1052, 741
-1023, 906, 694
-663, 702, 562
-311, 523, 502
-,-,-
-328, -353, 178
-328, -353, 178
-365, -284, 206
-209, -354, 164
-1, -337, 241
17, -151, 396
13, 28, 504
-16, 184, 663
-16, 184, 663
-17, 205, 625
0, 311, 600
-241, 588, 768
-649, 915, 988
-931, 1006, 1050
-931, 1006, 1050
-1041, 1041, 1010
-1978, 1594, 1382
-1998, 1627, 1367
-1998, 1602, 1291
-1998, 1485, 1128
-1998, 1333, 988
-1963, 1175, 879
-1647, 1047, 824
-1336, 894, 755
-1022, 732, 664
-759, 587, 605
-759, 587, 605
-505, 406, 569
-446, 287, 421
-231, 160, 424
-171, 106, 435
-,-,-
-127, -374, 113
-10, -358, 55
-9, -247, 136
-48, -180, 224
10, -120, 313
10, -120, 313
34, 7, 451
-74, 174, 558
-119, 281, 659
-123, 334, 718
-349, 502, 897
-349, 502, 897
-824, 769, 1085
-1411, 948, 1183
-1853, 1049, 1261
-1998, 1180, 1383
-1998, 1258, 1435
-1998, 1255, 1414
-1998, 1162, 1209
-1998, 1009, 1011
-1960, 863, 903
-1579, 768, 946
-1171, 640, 926
-907, 531, 854
-712, 435, 821
-402, 291, 724
-204, 145, 669
-,-,-
-70, -350, 80
0, -304, 24
14, -312, 17
48, -235, 119
48, -235, 119
51, -77, 325
-10, 86, 487
-78, 184, 552
-191, 295, 619
-484, 449, 727
-484, 449, 727
-880, 672, 890
-1479, 956, 1136
-1955, 1046, 1234
-1998, 1032, 1171
-1998, 1032, 1160
-1998, 1048, 1212
-1998, 995, 1167
-1998, 872, 1066
-1901, 737, 988
-1530, 672, 1012
-1254, 627, 1041
-919, 463, 896
-724, 384, 761
-,-,-
-281, -283, 51
-240, -254, 80
-198, -193, 139
-273, -42, 253
-273, -42, 253
-246, 36, 340
-133, 23, 451
-249, 130, 592
-571, 262, 619
-817, 392, 687
-959, 471, 871
-959, 471, 871
-1238, 612, 1026
-1766, 838, 1155
-1998, 1006, 1206
-1998, 970, 1153
-1998, 922, 1132
-1998, 881, 1084
-1998, 821, 972
-1934, 673, 830
-1611, 610, 839
-1337, 535, 813
-1156, 437, 701
-959, 331, 627
-659, 183, 604
-433, 72, 621
-407, 0, 566
-407, 0, 566
-364, -74, 476
-254, -132, 453
-127, -217, 371
-,-,-
-326, -190, 39
-267, -161, 49
-233, -96, 119
-104, -143, 91
62, -182, 107
62, -182, 107
18, -19, 238
-50, 102, 346
-37, 156, 511
-231, 361, 790
-231, 361, 790
-596, 617, 1049
-1244, 903, 1315
-1871, 1086, 1431
-1998, 1209, 1553
-1998, 1267, 1594
-1998, 1237, 1534
-1998, 1143, 1448
-1957, 805, 1152
-1957, 805, 1152
-1558, 652, 1081
-1211, 537, 1033
-1007, 463, 968
-772, 333, 823
-,-,-
-185, -191, -8
-162, -141, -10
-263, -89, 73
-253, -38, 262
-265, 80, 436
-382, 242, 564
-382, 242, 564
-380, 268, 628
-407, 342, 835
-809, 579, 1071
-1272, 760, 1121
-1534, 782, 1109
-1580, 767, 1179
-1829, 849, 1261
-1998, 1025, 1310
-1998, 1032, 1174
-1998, 995, 1107
-1998, 928, 1024
-1998, 845, 947
-1926, 770, 928
-1591, 692, 951
-1247, 587, 944
-897, 434, 870
-640, 294, 755
-640, 294, 755
-439, 141, 588
-263, 42, 465
-256, 20, 405
-,-,-
-433, 14, 283
-418, 74, 395
-462, 176, 475
-462, 176, 475
-455, 163, 541
-348, 174, 683
-565, 385, 952
-843, 600, 1116
-1089, 663, 1128
-1189, 709, 1225
-1432, 896, 1408
-1793, 1126, 1598
-1998, 1213, 1612
-1998, 1169, 1508
-1998, 1058, 1366
-1919, 971, 1288
-1733, 895, 1206
-1602, 798, 1094
-1432, 683, 1003
-1218, 566, 894
-999, 470, 826
-789, 359, 741
-631, 221, 594
-495, 102, 486
-495, 102, 486
-294, 14, 440
-108, -66, 363
-82, -93, 273
-62, -124, 218
81, -148, 246
219, -148, 239
-,-,-
-343, -1, 300
-343, -1, 300
-410, 81, 294
-407, -2, 273
-290, -14, 412
-308, 102, 554
-315, 212, 610
-359, 295, 680
-359, 295, 680
-598, 575, 1003
-905, 823, 1238
-1118, 890, 1262
-1326, 900, 1194
-1540, 1088, 1264
-1922, 1327, 1440
-1998, 1409, 1445
-1998, 1318, 1251
-1998, 1160, 1062
-1971, 1079, 987
-1795, 1032, 942
-1541, 925, 909
-1276, 770, 840
-974, 602, 795
-777, 510, 794
-729, 467, 801
-544, 376, 738
-340, 222, 625
-120, 90, 525
-120, 90, 525
-156, 3, 395
-127, -77, 277
-67, -137, 235
56, -187, 205
113, -261, 90
113, -261, 90
59, -298, 2
-40, -240, 80
-4, -234, 90
-,-,-
-693, 602, 766
-693, 602, 766
-886, 932, 1159
-1145, 1044, 1210
-1243, 1022, 1178
-1286, 1131, 1358
-1462, 1240, 1444
-1780, 1363, 1488
-1994, 1286, 1281
-1945, 1223, 1169
-1813, 1179, 1108
-1650, 1080, 1006
-1462, 956, 873
-1300, 828, 774
-1136, 777, 803
-1136, 777, 803
-1045, 768, 846
-967, 728, 797
-705, 564, 633
-399, 364, 539
-135, 229, 527
-162, 140, 461
-251, 138, 477
-133, 62, 433
-133, 62, 433
68, -85, 351
167, -198, 282
157, -299, 174
65, -315, 135
11, -287, 145
11, -287, 145
-,-,-
-172, 46, 416
-94, 166, 486
-218, 442, 686
-357, 549, 695
-384, 602, 740
-453, 793, 997
-453, 793, 997
-674, 1015, 1160
-1013, 1236, 1365
-1375, 1381, 1386
-1556, 1412, 1359
-1928, 1651, 1531
-1998, 1797, 1525
-1998, 1701, 1277
-1991, 1340, 855
-1991, 1340, 855
-1668, 1202, 819
-1332, 1036, 784
-1164, 911, 752
-968, 824, 799
-897, 755, 778
-867, 681, 689
-683, 561, 602
-446, 428, 509
-251, 327, 572
-,-,-
-297, -250, 74
-186, -249, 88
25, -314, 51
159, -356, -122
76, -274, -20
76, -274, -20
179, -73, 295
312, 105, 478
236, 323, 553
65, 536, 717
-122, 744, 913
-122, 744, 913
-354, 959, 1072
-599, 1149, 1132
-903, 1260, 1198
-1351, 1490, 1413
-1921, 1851, 1765
-1998, 1997, 1889
-1998, 1949, 1611
-1998, 1725, 1205
-1998, 1486, 948
-1946, 1261, 774
-1527, 1098, 696
-1244, 989, 711
-1126, 917, 752
-927, 786, 742
-633, 638, 714
-389, 505, 630
-237, 363, 559
-,-,-
-143, -207, 203
-143, -207, 203
-202, -208, 209
-249, -211, 148
-211, -173, 133
-72, -128, 195
105, -103, 291
179, 4, 455
100, 145, 613
-10, 310, 724
-10, 310, 724
-110, 364, 751
-187, 435, 759
-396, 629, 831
-624, 861, 959
-885, 1013, 979
-1205, 1172, 1074
-1552, 1423, 1222
-1974, 1570, 1179
-1998, 1520, 959
-1998, 1492, 861
-1998, 1515, 836
-1998, 1454, 757
-1998, 1313, 615
-1921, 1163, 559
-1595, 1063, 584
-1277, 981, 679
-1026, 914, 732
-933, 807, 613
-933, 807, 613
-786, 716, 541
-,-,-
89, -304, 220
94, -294, 206
117, -243, 253
173, -232, 255
218, -211, 251
238, -161, 309
121, 80, 523
121, 80, 523
-60, 350, 676
-126, 421, 683
-118, 445, 672
-429, 740, 708
-1002, 1095, 824
-1429, 1226, 830
-1588, 1139, 693
-1746, 1180, 598
-1991, 1366, 631
-1998, 1520, 626
-1998, 1491, 472
-1998, 1491, 472
-1998, 1403, 272
-1998, 1298, 190
-1998, 1187, 218
-1838, 1095, 335
-1490, 1006, 433
-1217, 866, 426
-,-,-
166, -359, 254
165, -375, 232
114, -291, 249
170, -280, 224
239, -211, 309
230, -92, 418
230, -92, 418
157, 47, 519
102, 205, 547
51, 310, 567
-163, 514, 620
-483, 831, 737
-483, 831, 737
-784, 1075, 825
-996, 1173, 871
-1263, 1270, 851
-1741, 1531, 963
-1998, 1797, 1148
-1998, 1863, 1100
-1998, 1701, 847
-1998, 1583, 756
-1998, 1488, 714
-1994, 1371, 660
-1768, 1273, 626
-1442, 1131, 626
-1048, 1009, 709
-654, 834, 705
-481, 664, 589
-,-,-
106, -352, 182
4, -313, 99
42, -221, 224
42, -221, 224
224, -116, 365
220, 12, 372
45, 204, 457
56, 332, 549
56, 332, 549
32, 509, 608
-208, 762, 683
-597, 1013, 778
-844, 1159, 833
-1075, 1317, 905
-1560, 1607, 1054
-1996, 1863, 1225
-1998, 1915, 1179
-1998, 1837, 1044
-1998, 1723, 957
-1998, 1545, 791
-1875, 1352, 698
-1509, 1187, 686
-1171, 1034, 643
-,-,-
-103, -258, 160
34, -328, 144
-33, -246, 172
11, -209, 160
147, -158, 205
147, -158, 205
180, -50, 281
136, 82, 410
117, 219, 541
39, 369, 622
-40, 530, 672
-40, 530, 672
-160, 666, 757
-343, 863, 873
-653, 1162, 1029
-1044, 1418, 1132
-1433, 1552, 1151
-1885, 1785, 1240
-1998, 1984, 1355
-1998, 1997, 1273
-1998, 1915, 990
-1998, 1680, 793
-1843, 1438, 636
-1355, 1245, 633
-1017, 1120, 782
-785, 1031, 883
-,-,-
167, -386, -18
193, -308, 4
193, -308, 4
46, -163, 66
-45, 10, 140
-13, 119, 189
-25, 234, 214
-25, 234, 214
-72, 403, 312
-238, 642, 498
-347, 813, 595
-496, 1006, 693
-739, 1180, 854
-978, 1327, 1007
-1377, 1564, 1282
-1877, 1772, 1486
-1998, 1852, 1623
-1998, 1805, 1611
-1998, 1653, 1360
-1998, 1459, 1075
-1957, 1329, 934
-1660, 1235, 917
-1319, 1084, 833
-,-,-
-65, -251, 112
-52, -291, 53
-7, -296, -2
-7, -296, -2
-15, -262, -52
63, -177, 20
169, -97, 163
202, 15, 333
202, 15, 333
176, 157, 454
45, 306, 549
-118, 469, 658
-303, 628, 736
-303, 628, 736
-518, 877, 899
-869, 1099, 1001
-1277, 1368, 1177
-1820, 1632, 1333
-1998, 1802, 1431
-1998, 1835, 1410
-1998, 1763, 1286
-1998, 1632, 1114
-1998, 1466, 980
-1652, 1234, 838
-1283, 1015, 736
-1103, 924, 829
-924, 825, 883
-,-,-
-109, -300, 63
-55, -278, 58
-52, -237, 43
-52, -237, 43
-19, -227, 1
83, -177, 12
156, -97, 113
231, -20, 260
231, -20, 260
249, 140, 417
84, 346, 528
-103, 568, 764
-303, 700, 933
-526, 834, 1010
-830, 1029, 1062
-1270, 1247, 1214
-1756, 1421, 1358
-1998, 1534, 1429
-1998, 1599, 1378
-1998, 1613, 1240
-1998, 1523, 1042
-1998, 1352, 821
-1904, 1180, 683
-1527, 1090, 689
-1233, 973, 707
-,-,-
-28, -309, 249
-28, -309, 249
-90, -299, 177
-132, -261, 171
-51, -202, 232
108, -141, 238
169, -38, 269
176, 80, 339
176, 80, 339
131, 234, 472
-12, 381, 535
-158, 557, 615
-414, 771, 727
-675, 956, 880
-979, 1198, 1103
-979, 1198, 1103
-1488, 1419, 1192
-1998, 1623, 1189
-1998, 1663, 1224
-1998, 1622, 1117
-1998, 1484, 938
-1942, 1308, 816
-1628, 1195, 825
-1352, 1090, 858
-1143, 965, 801
-936, 867, 789
-936, 867, 789
-,-,-
-94, -262, 183
-62, -267, 154
-87, -266, 66
-87, -266, 66
-19, -266, -13
44, -197, 25
36, -42, 145
68, 83, 222
68, 83, 222
206, 170, 259
214, 384, 457
23, 652, 731
-127, 879, 931
-127, 879, 931
-337, 1037, 1046
-626, 1199, 1107
-1200, 1485, 1361
-1799, 1761, 1632
-1998, 1865, 1617
-1998, 1899, 1553
-1998, 1814, 1376
-1998, 1648, 1116
-1793, 1310, 747
-1417, 1153, 695
-1142, 1042, 710
-1142, 1042, 710
-949, 967, 766
-847, 898, 791
-599, 768, 705
-295, 624, 623
-,-,-
-275, -360, 168
-302, -331, 151
-283, -324, 121
-251, -280, 156
-89, -215, 198
112, -122, 247
274, -82, 312
352, 1, 445
352, 1, 445
366, 125, 572
261, 257, 589
147, 426, 639
-84, 665, 754
-84, 665, 754
-474, 998, 975
-801, 1267, 1140
-1044, 1448, 1182
-1427, 1619, 1269
-1916, 1859, 1474
-1998, 1993, 1627
-1998, 1995, 1520
-1998, 1898, 1254
-1998, 1682, 961
-1954, 1481, 782
-1563, 1354, 761
-1205, 1240, 768
-978, 1093, 710
-711, 953, 687
-,-,-
-118, -352, 194
-13, -357, 193
6, -399, 122
6, -399, 122
-7, -351, 119
-39, -274, 177
88, -202, 268
158, -143, 326
181, -23, 408
181, -23, 408
222, 87, 471
217, 253, 465
112, 434, 530
-2, 640, 679
-2, 640, 679
-126, 835, 791
-367, 1104, 942
-752, 1389, 1097
-1264, 1658, 1293
-1739, 1882, 1387
-1998, 1996, 1408
-1998, 1997, 1363
-1998, 1996, 1117
-1998, 1859, 792
-,-,-
26, -229, 339
88, -341, 204
123, -310, 286
188, -319, 276
182, -306, 217
182, -306, 217
100, -249, 192
143, -158, 266
126, -20, 362
38, 118, 388
-16, 271, 444
-16, 271, 444
-115, 470, 589
-358, 659, 691
-497, 815, 751
-790, 1011, 902
-1287, 1305, 1126
-1783, 1472, 1198
-1998, 1556, 1194
-1998, 1569, 1141
-1998, 1571, 1094
-1998, 1517, 1036
-1998, 1410, 959
-1868, 1290, 902
-1540, 1172, 917
-1158, 1019, 906
-897, 889, 928
-719, 782, 916
-623, 655, 819
-454, 500, 700
-237, 349, 613
-237, 349, 613
-79, 225, 579
-,-,-
97, -90, 205
97, -90, 205
40, -19, 236
66, 101, 313
85, 286, 462
85, 286, 462
-51, 480, 542
-205, 669, 682
-389, 878, 908
-616, 1107, 1033
-951, 1289, 1158
-1325, 1414, 1230
-1816, 1663, 1448
-1998, 1837, 1520
-1998, 1845, 1398
-1998, 1745, 1228
-1998, 1582, 1037
-1978, 1404, 888
-1728, 1303, 872
-1402, 1207, 854
-1090, 1067, 810
-867, 956, 831
-680, 845, 854
-471, 661, 742
-344, 543, 679
-344, 543, 679
-,-,-
-47, -243, 242
153, -213, 296
153, -213, 296
170, -144, 233
22, 31, 344
-122, 258, 516
-229, 411, 614
-320, 582, 751
-556, 744, 855
-556, 744, 855
-812, 878, 819
-1141, 1042, 860
-1577, 1276, 1014
-1979, 1429, 1142
-1998, 1502, 1171
-1998, 1523, 1184
-1998, 1483, 1072
-1998, 1388, 958
-1992, 1286, 925
-1750, 1169, 904
-1408, 1079, 923
-1144, 953, 878
-974, 841, 823
-766, 699, 758
-548, 571, 707
-398, 445, 608
-281, 328, 528
-155, 171, 419
-26, 31, 397
-,-,-
-15, -115, 247
141, -68, 294
123, 53, 354
129, 185, 445
129, 185, 445
60, 350, 561
-78, 609, 738
-261, 787, 855
-384, 937, 912
-746, 1219, 1094
-1488, 1563, 1233
-1970, 1807, 1274
-1998, 1923, 1326
-1998, 1918, 1286
-1998, 1799, 1158
-1998, 1642, 978
-1998, 1490, 815
-1721, 1319, 695
-1285, 1131, 618
-958, 977, 637
-790, 857, 655
-719, 757, 656
-719, 757, 656
-467, 614, 617
-,-,-
222, -212, 127
222, -212, 127
301, -127, 181
267, 48, 312
191, 229, 498
193, 382, 563
-9, 641, 652
-9, 641, 652
-296, 837, 688
-450, 1004, 824
-833, 1316, 1049
-1471, 1568, 1072
-1945, 1753, 1057
-1998, 1811, 976
-1998, 1842, 996
-1998, 1843, 970
-1998, 1710, 778
-1998, 1557, 663
-1855, 1410, 649
-1441, 1286, 756
-1165, 1184, 833
-1017, 1087, 855
-864, 968, 804
-,-,-
212, -246, 174
158, -129, 161
160, -114, 190
160, -114, 190
256, 0, 322
241, 140, 410
45, 291, 485
-103, 453, 622
-103, 453, 689
-281, 577, 689
-571, 762, 836
-922, 986, 988
-1326, 1162, 1066
-1704, 1336, 1146
-1993, 1518, 1256
-1998, 1661, 1234
-1998, 1677, 1122
-1998, 1594, 933
-1998, 1504, 782
-1998, 1383, 693
-1803, 1241, 639
-1352, 1087, 663
-1035, 980, 763
-756, 843, 706
-487, 662, 631
-,-,-
170, -21, 228
174, 63, 331
174, 63, 331
174, 208, 430
9, 420, 542
-222, 703, 680
-386, 867, 804
-473, 964, 881
-473, 964, 881
-771, 1255, 1088
-1397, 1632, 1300
-1915, 1758, 1265
-1998, 1804, 1197
-1998, 1879, 1240
-1998, 1876, 1170
-1998, 1613, 874
-1998, 1613, 874
-1872, 1442, 786
-1446, 1289, 775
-1141, 1155, 842
-874, 1002, 847
-697, 832, 724
-491, 677, 599
-,-,-
23, -193, 117
101, -66, 232
73, 8, 269
73, 8, 269
76, 149, 405
-39, 283, 386
-219, 449, 442
-263, 582, 570
-263, 582, 570
-399, 732, 738
-653, 949, 856
-976, 1161, 995
-1387, 1328, 1104
-1796, 1473, 1251
-1998, 1538, 1265
-1998, 1625, 1294
-1998, 1717, 1300
-1998, 1691, 1175
-1998, 1562, 1000
-1982, 1409, 904
-1685, 1276, 884
-1404, 1182, 907
-1147, 1099, 887
-926, 983, 792
-,-,-
109, -131, 118
279, 23, 270
71, 179, 357
71, 179, 357
-94, 356, 467
-78, 544, 664
-221, 695, 781
-510, 880, 893
-510, 880, 893
-738, 1056, 1044
-919, 1231, 1170
-1253, 1363, 1277
-1637, 1530, 1466
-1979, 1627, 1550
-1998, 1665, 1537
-1998, 1631, 1340
-1998, 1481, 1131
-1727, 1292, 991
-1407, 1194, 961
-1269, 1129, 987
-1155, 1077, 949
-898, 966, 838
-898, 966, 838
-578, 812, 718
-,-,-
146, -369, 86
146, -369, 86
86, -357, 20
56, -295, -3
163, -187, 122
216, -75, 204
202, 85, 262
202, 85, 262
219, 247, 354
107, 467, 504
-159, 733, 657
-516, 1018, 871
-867, 1257, 1027
-1394, 1446, 1159
-1833, 1585, 1349
-1998, 1679, 1462
-1998, 1727, 1476
-1998, 1696, 1382
-1998, 1619, 1248
-1998, 1478, 1059
-1901, 1317, 877
-1525, 1199, 837
-1183, 1071, 869
-918, 936, 858
-820, 808, 802
-649, 664, 675
-649, 664, 675
-492, 557, 583
-,-,-
0, -229, 75
-20, -217, 44
142, -93, 221
142, -93, 221
326, 30, 390
307, 178, 521
308, 305, 625
128, 482, 675
128, 482, 675
-33, 667, 717
-284, 863, 745
-587, 1120, 961
-1092, 1426, 1281
-1671, 1641, 1450
-1998, 1745, 1528
-1998, 1776, 1528
-1998, 1774, 1568
-1998, 1744, 1473
-1998, 1629, 1244
-1991, 1469, 981
-1614, 1365, 1029
-1198, 1262, 1090
-967, 1095, 998
-822, 968, 907
-702, 858, 817
-493, 728, 753
-165, 542, 673
-,-,-
120, -256, 97
120, -256, 97
131, -116, 224
258, -28, 300
279, 128, 405
204, 345, 516
74, 562, 693
74, 562, 693
-40, 722, 853
-291, 1031, 1065
-731, 1342, 1242
-1146, 1486, 1299
-1586, 1660, 1443
-1991, 1839, 1623
-1998, 1916, 1603
-1998, 1818, 1410
-1998, 1690, 1219
-1998, 1544, 1029
-1842, 1349, 795
-1463, 1180, 709
-1168, 1076, 789
-1031, 981, 770
-960, 888, 723
-866, 897, 854
-736, 784, 834
-510, 595, 733
-304, 439, 599
-304, 439, 599
-,-,-
61, -317, 65
212, -241, 106
240, -127, 258
160, -30, 372
160, -30, 372
44, 116, 449
-60, 329, 555
-232, 490, 597
-281, 626, 738
-518, 847, 927
-518, 847, 927
-859, 1089, 1022
-1215, 1275, 1107
-1495, 1427, 1301
-1775, 1537, 1398
-1998, 1649, 1427
-1998, 1700, 1440
-1998, 1652, 1336
-1929, 1315, 886
-1572, 1172, 803
-1357, 1069, 781
-1357, 1069, 772
-1208, 984, 772
-1091, 911, 749
-947, 816, 681
-764, 710, 645
-636, 622, 660
-545, 519, 622
-387, 371, 570
-189, 222, 560
-41, 75, 512
-,-,-
152, -292, 55
276, -187, 231
274, -28, 373
274, -28, 373
63, 215, 422
-87, 415, 585
-168, 519, 723
-288, 660, 863
-288, 660, 1003
-481, 833, 1003
-791, 1100, 1281
-1254, 1315, 1541
-1599, 1404, 1635
-1865, 1468, 1705
-1998, 1694, 1979
-1998, 1631, 1631
-1998, 1438, 1276
-1759, 1238, 1014
-1338, 1101, 947
-1136, 1005, 951
-1009, 915, 884
-862, 822, 805
-862, 822, 805
-669, 715, 769
-427, 580, 744
-272, 436, 656
-203, 287, 541
-64, 152, 465
68, 26, 426
-,-,-
23, -156, 419
91, -4, 419
-17, 140, 458
-67, 301, 507
-126, 454, 573
-164, 574, 626
-164, 574, 626
-360, 805, 826
-766, 1088, 1034
-1137, 1312, 1145
-1463, 1405, 1160
-1628, 1438, 1151
-1933, 1575, 1270
-1998, 1760, 1390
-1998, 1758, 1291
-1998, 1615, 1053
-1998, 1453, 887
-1745, 1302, 817
-1428, 1193, 801
-1263, 1108, 816
-1069, 1012, 805
-816, 890, 806
-657, 761, 744
-521, 657, 669
-317, 530, 657
-150, 362, 603
-6, 309, 560
23, 188, 474
-,-,-
138, -223, 225
138, -223, 225
315, -159, 293
377, -53, 396
215, 143, 515
101, 369, 600
32, 575, 655
32, 575, 655
-118, 788, 768
-428, 1069, 989
-864, 1336, 1179
-1299, 1550, 1233
-1878, 1807, 1383
-1998, 1990, 1636
-1998, 1997, 1456
-1998, 1931, 1005
-1998, 1712, 628
-1998, 1522, 449
-1698, 1346, 481
-1292, 1181, 562
-1088, 1055, 595
-972, 958, 575
-802, 848, 546
-537, 675, 549
-165, 468, 554
-,-,-
30, -303, 296
130, -317, 327
176, -241, 367
195, -134, 403
140, -19, 429
140, -19, 429
26, 155, 521
-181, 336, 582
-239, 471, 546
-308, 577, 572
-495, 768, 756
-909, 1063, 997
-909, 1063, 997
-1328, 1232, 1042
-1578, 1308, 1040
-1981, 1423, 1262
-1998, 1543, 1352
-1998, 1540, 1264
-1998, 1441, 1066
-1997, 1310, 920
-1729, 1182, 843
-1450, 1081, 804
-1256, 975, 743
-1031, 854, 698
-778, 697, 655
-778, 697, 655
-610, 555, 615
-,-,-
31, -277, 224
-59, -249, 129
-38, -211, 160
-38, -211, 160
134, -114, 287
157, -34, 333
122, 58, 434
-7, 223, 552
-200, 417, 639
-200, 417, 639
-316, 542, 683
-353, 599, 696
-658, 871, 1080
-1224, 1189, 1416
-1823, 1366, 1489
-1998, 1351, 1444
-1998, 1336, 1442
-1998, 1398, 1516
-1998, 1431, 1495
-1998, 1396, 1387
-1995, 1241, 1224
-1633, 1052, 1143
-1203, 876, 1056
-1045, 747, 986
-1027, 694, 932
-798, 593, 826
-414, 420, 715
-,-,-
-215, -133, 115
-236, -139, 71
-274, -52, 66
-191, -59, -72
-65, -21, -66
1, 93, 79
1, 93, 79
-4, 224, 229
-32, 336, 369
-32, 336, 369
156, 423, 527
64, 623, 848
-435, 942, 1340
-1082, 1180, 1692
-1582, 1236, 1689
-1952, 1325, 1857
-1998, 1293, 1800
-1998, 1191, 1641
-1998, 1095, 1421
-1998, 1067, 1211
-1992, 924, 879
-1688, 738, 690
-1228, 574, 650
-1040, 472, 682
-1040, 455, 772
-968, 380, 731
-799, 320, 746
-799, 320, 746
-,-,-
25, -271, -56
28, -245, -71
27, -211, -113
101, -155, -12
72, -43, 166
-78, 127, 379
-78, 127, 379
-205, 216, 436
-235, 254, 468
-341, 451, 712
-774, 757, 1056
-1321, 958, 1185
-1621, 948, 1111
-1659, 982, 1189
-1899, 1132, 1479
-1998, 1229, 1516
-1998, 1236, 1447
-1998, 1206, 1311
-1998, 1110, 1146
-1949, 982, 999
-1733, 848, 912
-1565, 774, 898
-1412, 738, 879
-1166, 717, 945
-849, 586, 821
-849, 586, 821
-535, 428, 702
-345, 315, 569
-332, 295, 524
-,-,-
-138, -208, 187
48, -148, 228
34, -61, 323
34, -61, 323
26, 75, 365
-73, 256, 433
-245, 426, 612
-455, 579, 788
-455, 579, 788
-631, 714, 885
-819, 796, 943
-1095, 965, 1214
-1526, 1164, 1503
-1868, 1233, 1604
-1998, 1266, 1637
-1998, 1364, 1738
-1998, 1349, 1623
-1998, 1233, 1363
-1998, 1055, 1108
-1749, 923, 978
-1417, 862, 980
-1219, 773, 908
-1035, 680, 809
-827, 573, 674
-594, 431, 531
-393, 308, 452
-276, 223, 423
-,-,-
143, -281, 182
143, -281, 182
157, -164, 179
133, -77, 176
144, 32, 228
197, 186, 327
166, 377, 420
166, 377, 420
-15, 572, 513
-245, 726, 639
-517, 894, 776
-870, 1070, 942
-1251, 1222, 1218
-1650, 1380, 1445
-1969, 1504, 1603
-1998, 1568, 1637
-1998, 1559, 1608
-1998, 1499, 1505
-1998, 1370, 1330
-1929, 1220, 1176
-1662, 1126, 1100
-1426, 1053, 1091
-1160, 955, 1019
-952, 832, 878
-785, 724, 757
-,-,-
118, -288, 81
118, -288, 81
195, -189, 121
130, -65, 127
50, 68, 226
118, 202, 408
118, 202, 408
108, 349, 494
-48, 543, 611
-291, 717, 716
-492, 855, 848
-649, 998, 1015
-1015, 1219, 1212
-1713, 1538, 1658
-1998, 1695, 1947
-1998, 1678, 1931
-1998, 1644, 1818
-1998, 1528, 1581
-1998, 1392, 1357
-1894, 1224, 1144
-1442, 1076, 1014
-1107, 952, 962
-879, 869, 929
-619, 756, 817
-299, 653, 715
-,-,-
45, -372, 15
45, -372, 15
95, -285, 33
-22, -126, 214
-8, -4, 327
49, 126, 474
49, 126, 474
38, 261, 575
-70, 394, 632
-254, 567, 847
-541, 795, 1108
-918, 983, 1345
-918, 983, 1345
-1215, 1053, 1438
-1546, 1166, 1615
-1928, 1373, 1998
-1998, 1424, 1952
-1998, 1339, 1711
-1998, 1188, 1422
-1701, 1062, 1236
-1400, 977, 1106
-1222, 905, 1001
-,-,-
-14, -588, -37
-33, -545, -59
-90, -443, 66
-90, -443, 66
-18, -367, 108
49, -270, 150
94, -138, 235
25, 19, 323
-117, 223, 490
-117, 223, 490
-203, 376, 544
-236, 524, 635
-334, 650, 782
-555, 896, 1076
-1047, 1203, 1428
-1630, 1410, 1667
-1989, 1434, 1794
-1998, 1518, 1978
-1998, 1505, 1963
-1998, 1412, 1721
-1998, 1288, 1410
-1960, 1145, 1156
-1585, 1047, 1048
-1227, 940, 985
-933, 840, 970
-636, 746, 958
-426, 613, 820
-223, 451, 610
13, 306, 514
13, 306, 514
-,-,-
255, -38, 108
-17, 184, 290
-115, 407, 446
-66, 585, 573
-156, 752, 714
-156, 752, 714
-449, 997, 977
-806, 1231, 1224
-1078, 1393, 1405
-1413, 1524, 1576
-1833, 1649, 1830
-1998, 1721, 1944
-1998, 1742, 1947
-1998, 1666, 1764
-1998, 1506, 1461
-1503, 1201, 1143
-1171, 1093, 1123
-953, 977, 1109
-777, 884, 1086
-777, 884, 1086
-589, 771, 991
-432, 643, 859
-222, 520, 719
-78, 366, 580
40, 219, 450
96, 21, 294
-,-,-
157, -128, 154
155, 52, 285
160, 247, 358
48, 469, 434
-181, 714, 646
-181, 714, 646
-325, 928, 882
-431, 1094, 1025
-724, 1330, 1190
-1248, 1636, 1476
-1763, 1815, 1831
-1979, 1827, 1958
-1998, 1794, 1885
-1998, 1794, 1823
-1998, 1719, 1636
-1986, 1556, 1393
-1194, 1164, 982
-913, 993, 867
-913, 993, 867
-737, 868, 896
-,-,-
98, -424, -123
158, -368, -186
159, -330, -180
167, -207, -70
172, -31, 92
172, -31, 92
168, 145, 203
60, 343, 375
-191, 601, 662
-398, 791, 855
-398, 791, 855
-522, 914, 1011
-739, 1081, 1250
-1201, 1390, 1655
-1765, 1621, 1983
-1998, 1642, 1998
-1998, 1596, 1901
-1998, 1543, 1795
-1998, 1432, 1552
-1519, 1138, 1134
-1198, 954, 928
-1028, 848, 923
-1028, 848, 923
-888, 772, 937
-689, 642, 819
-,-,-
102, -389, -39
149, -374, 7
147, -350, -3
114, -333, -77
68, -258, -48
48, -163, 69
48, -163, 69
71, -49, 161
25, 93, 217
-85, 268, 330
-85, 268, 330
-154, 439, 412
-256, 613, 476
-428, 825, 598
-780, 1025, 869
-1035, 1145, 1046
-1225, 1270, 1309
-1516, 1364, 1486
-1883, 1565, 1805
-1998, 1703, 1998
-1998, 1644, 1990
-1998, 1466, 1762
-1979, 1311, 1516
-1697, 1201, 1433
-1345, 1083, 1362
-1109, 988, 1328
-933, 910, 1242
-815, 831, 1086
-,-,-
322, -428, -20
218, -425, -59
218, -425, -59
139, -393, -50
229, -302, 90
301, -190, 210
242, -49, 295
125, 125, 366
24, 332, 497
24, 332, 497
-79, 563, 606
-225, 785, 734
-450, 974, 921
-782, 1227, 1214
-1132, 1434, 1401
-1665, 1634, 1654
-1998, 1782, 1935
-1998, 1790, 1998
-1998, 1726, 1955
-1998, 1580, 1630
-1998, 1390, 1282
-1824, 1227, 1130
-1455, 1102, 1078
-1206, 1001, 1093
-928, 913, 1118
-738, 795, 961
-,-,-
224, -403, 26
198, -461, -35
146, -405, 6
159, -358, 37
159, -358, 37
174, -288, 59
116, -141, 188
-8, 34, 352
-34, 188, 412
-34, 188, 412
-48, 350, 465
-53, 515, 571
-170, 773, 737
-543, 1144, 1017
-1055, 1489, 1310
-1528, 1646, 1467
-1876, 1726, 1600
-1998, 1842, 1746
-1998, 1917, 1778
-1998, 1766, 1468
-1998, 1549, 1066
-1998, 1350, 831
-1747, 1210, 780
-1367, 1121, 853
-1149, 1023, 877
-977, 862, 696
-800, 731, 592
-534, 642, 664
-109, 451, 549
-,-,-
120, -287, 156
120, -287, 156
95, -190, 143
110, -91, 191
150, -6, 311
171, 87, 347
171, 87, 347
-2, 292, 430
-227, 530, 577
-457, 732, 755
-641, 920, 975
-948, 1128, 1090
-1303, 1318, 1119
-1701, 1476, 1237
-1997, 1654, 1516
-1998, 1762, 1587
-1998, 1707, 1381
-1998, 1552, 1082
-1998, 1401, 912
-1908, 1279, 812
-1489, 1154, 720
-1183, 1042, 702
-969, 935, 677
-728, 810, 645
-503, 671, 593
-503, 671, 593
-252, 491, 492
-,-,-
161, -222, 164
264, -81, 254
288, 5, 306
288, 5, 306
247, 161, 336
124, 352, 488
-21, 559, 621
-376, 778, 725
-376, 778, 725
-740, 981, 846
-1109, 1177, 1068
-1556, 1396, 1251
-1991, 1621, 1425
-1998, 1786, 1492
-1998, 1696, 1333
-1998, 1568, 1214
-1998, 1413, 1033
-1739, 1133, 746
-1350, 991, 702
-1350, 991, 702
-1076, 883, 777
-777, 781, 794
-610, 644, 673
-430, 510, 566
-,-,-
179, -126, 162
110, 9, 188
110, 9, 188
3, 176, 254
-39, 316, 332
-147, 508, 486
-319, 718, 627
-319, 718, 627
-588, 911, 806
-1045, 1142, 1038
-1565, 1370, 1228
-1991, 1606, 1489
-1998, 1759, 1667
-1998, 1693, 1570
-1998, 1536, 1371
-1998, 1356, 1159
-1962, 1198, 1000
-1254, 946, 844
-1254, 946, 844
-1011, 846, 837
-785, 753, 845
-,-,-
83, -334, 90
96, -320, -8
103, -250, 31
103, -250, 31
180, -161, 116
297, -47, 274
242, 108, 349
-16, 332, 422
-129, 527, 511
-129, 527, 511
-211, 735, 607
-442, 974, 757
-903, 1250, 1007
-1476, 1523, 1257
-1971, 1728, 1415
-1998, 1740, 1348
-1998, 1729, 1352
-1998, 1690, 1286
-1998, 1529, 959
-1998, 1346, 675
-1908, 1200, 541
-1531, 1111, 616
-,-,-
31, -361, 46
-23, -328, 20
21, -271, 61
109, -200, 112
180, -93, 193
180, -93, 193
155, 61, 322
50, 245, 432
-143, 448, 585
-311, 615, 641
-568, 801, 775
-568, 801, 775
-920, 1027, 1021
-1365, 1268, 1249
-1845, 1463, 1436
-1998, 1588, 1585
-1998, 1665, 1619
-1998, 1623, 1472
-1998, 1460, 1167
-1883, 1180, 822
-1524, 1062, 729
-1224, 956, 735
-1224, 956, 735
-,-,-
200, -365, 126
195, -331, 137
195, -331, 137
216, -313, 91
205, -268, 60
161, -141, 145
205, -27, 246
247, 136, 388
121, 346, 483
121, 346, 483
-90, 554, 618
-258, 722, 770
-519, 935, 1000
-1003, 1256, 1316
-1664, 1480, 1422
-1998, 1615, 1538
-1998, 1719, 1696
-1998, 1732, 1549
-1998, 1623, 1156
-1998, 1426, 741
-1977, 1244, 602
-1617, 1141, 782
-1352, 1052, 980
-1112, 945, 959
-842, 775, 801
-,-,-
215, -324, 131
215, -324, 131
221, -326, 112
207, -250, 163
177, -139, 248
118, -22, 293
141, 79, 378
68, 266, 507
68, 266, 507
-136, 490, 664
-341, 667, 707
-503, 784, 755
-796, 1013, 1066
-1348, 1299, 1300
-1895, 1462, 1268
-1998, 1526, 1284
-1998, 1569, 1365
-1998, 1554, 1311
-1998, 1470, 1168
-1998, 1349, 995
-1988, 1198, 796
-1705, 1065, 694
-1363, 974, 750
-1056, 866, 778
-751, 711, 662
-433, 555, 586
-189, 417, 498
-,-,-
158, -337, 201
249, -294, 159
297, -201, 249
297, -201, 249
318, -102, 346
271, 9, 383
164, 172, 473
68, 349, 590
-105, 567, 747
-105, 567, 747
-315, 780, 906
-547, 999, 1092
-1073, 1357, 1479
-1799, 1696, 1843
-1998, 1800, 1940
-1998, 1790, 1869
-1998, 1762, 1739
-1998, 1627, 1413
-1998, 1427, 1066
-1868, 1233, 854
-1454, 1072, 780
-1082, 931, 761
-770, 764, 686
-,-,-
286, -300, 211
378, -359, 171
385, -274, 256
334, -217, 254
206, -111, 269
206, -111, 269
93, 47, 266
-60, 247, 324
-105, 429, 458
-146, 621, 682
-400, 848, 908
-805, 1139, 1242
-1374, 1139, 1625
-1963, 1703, 1990
-1998, 1748, 1998
-1998, 1660, 1996
-1998, 1530, 1793
-1998, 1368, 1482
-1922, 1180, 1239
-1463, 1022, 1149
-1161, 886, 1104
-974, 787, 1051
-732, 652, 881
-,-,-
240, -497, 36
267, -484, 23
267, -484, 23
281, -429, 31
273, -354, 104
176, -226, 222
167, -55, 343
66, 116, 433
66, 116, 433
-30, 261, 576
-170, 443, 730
-358, 642, 848
-548, 814, 1003
-869, 994, 1257
-1310, 1291, 1530
-1738, 1477, 1753
-1998, 1535, 1739
-1998, 1589, 1821
-1998, 1627, 1829
-1998, 1490, 1561
-1967, 1253, 1168
-1588, 1044, 924
-,-,-
432, -286, 295
431, -280, 203
345, -180, 198
357, -36, 252
226, 128, 328
226, 128, 328
96, 323, 449
-82, 554, 617
-380, 797, 824
-704, 1021, 1065
-1062, 1196, 1324
-1453, 1320, 1452
-1780, 1440, 1579
-1998, 1619, 1826
-1998, 1715, 1882
-1998, 1643, 1710
-1998, 1451, 1351
-1875, 1272, 1098
-1464, 1130, 1013
-1308, 1050, 1060
-1150, 975, 1020
-955, 809, 846
-606, 663, 844
-,-,-
325, -371, 51
325, -371, 51
361, -316, 63
317, -244, 20
298, -91, 103
241, 75, 233
241, 75, 233
153, 211, 285
116, 363, 323
-79, 587, 498
-394, 804, 679
-696, 998, 898
-696, 998, 898
-1082, 1172, 1115
-1623, 1368, 1347
-1987, 1500, 1574
-1998, 1588, 1757
-1998, 1601, 1797
-1998, 1405, 1452
-1990, 1233, 1215
-1633, 1027, 1028
-1236, 890, 986
-1008, 743, 887
-1008, 743, 887
-986, 650, 813
-822, 577, 743
-455, 475, 660
-,-,-
122, -247, 100
148, -178, 139
117, -99, 136
117, -99, 136
121, -8, 223
159, 103, 350
125, 245, 467
-16, 461, 600
-16, 461, 600
-184, 666, 727
-322, 825, 834
-497, 997, 983
-912, 1334, 1317
-1705, 1661, 1636
-1998, 1779, 1800
-1998, 1816, 1800
-1998, 1824, 1742
-1998, 1654, 1415
-1998, 1470, 1111
-1908, 1274, 915
-1477, 1101, 782
-1101, 960, 808
-865, 818, 781
-694, 698, 690
-514, 570, 556
-339, 486, 513
-,-,-
109, -245, 152
97, -185, 198
164, -107, 255
202, 1, 309
193, 124, 342
193, 124, 342
156, 308, 475
-27, 517, 633
-222, 707, 802
-422, 913, 982
-669, 1125, 1144
-1103, 1412, 1399
-1740, 1694, 1616
-1998, 1900, 1856
-1998, 1972, 1839
-1998, 1865, 1668
-1998, 1683, 1373
-1998, 1490, 1129
-1800, 1306, 980
-1395, 1135, 860
-1109, 985, 809
-876, 885, 843
-677, 760, 819
-483, 605, 655
-379, 496, 541
-,-,-
208, -246, 86
220, -204, 90
139, -34, 263
-24, 181, 424
-104, 361, 529
-104, 361, 529
-120, 494, 576
-144, 622, 658
-307, 808, 891
-740, 1101, 1127
-1067, 1310, 1293
-1360, 1388, 1271
-1755, 1506, 1405
-1998, 1738, 1771
-1998, 1838, 1830
-1998, 1793, 1599
-1998, 1625, 1260
-1997, 1427, 1032
-1673, 1245, 889
-1347, 1136, 895
-1163, 1033, 855
-1049, 910, 741
-702, 801, 714
-397, 657, 592
-,-,-
323, -282, 198
343, -275, 146
309, -137, 204
233, 51, 269
233, 51, 269
122, 296, 382
19, 526, 526
-76, 723, 578
-269, 969, 723
-668, 1316, 950
-668, 1316, 950
-1181, 1602, 1095
-1617, 1726, 1087
-1947, 1852, 1147
-1998, 1997, 1627
-1998, 1979, 1358
-1998, 1803, 998
-1945, 1547, 732
-1491, 1418, 811
-1118, 1278, 840
-868, 1103, 732
-868, 1103, 732
-750, 951, 618
-,-,-
404, -374, 220
404, -374, 220
336, -277, 256
285, -181, 302
309, -88, 334
310, 37, 278
127, 280, 358
-79, 534, 521
-79, 534, 521
-226, 774, 587
-433, 989, 651
-753, 1253, 835
-1389, 1685, 1149
-1974, 1979, 1546
-1998, 1997, 1687
-1998, 1997, 1630
-1998, 1990, 1345
-1998, 1808, 1014
-1985, 1577, 787
-1545, 1375, 689
-1128, 1214, 691
-,-,-
354, -391, 151
348, -328, 98
269, -289, 127
309, -202, 162
309, -202, 162
277, -53, 222
77, 172, 318
-39, 383, 450
-117, 604, 571
-385, 801, 637
-385, 801, 637
-611, 1021, 760
-1100, 1343, 1045
-1520, 1610, 1320
-1907, 1741, 1422
-1998, 1855, 1597
-1998, 1884, 1730
-1998, 1629, 1392
-1952, 1372, 1026
-1615, 1189, 849
-1376, 1088, 748
-1224, 1000, 672
-997, 870, 515
-,-,-
464, -403, 117
464, -403, 117
470, -376, 155
495, -338, 197
483, -276, 257
414, -177, 274
248, 28, 314
133, 243, 288
133, 243, 288
-41, 463, 319
-264, 709, 453
-693, 1056, 705
-1426, 1451, 1036
-1988, 1632, 1198
-1998, 1707, 1287
-1998, 1739, 1271
-1998, 1789, 1313
-1998, 1646, 1150
-1998, 1450, 957
-1965, 1273, 784
-1651, 1177, 782
-1209, 1064, 768
-713, 881, 707
-354, 661, 593
-134, 452, 473
-,-,-
357, -291, 155
379, -274, 188
351, -128, 244
259, 17, 255
111, 226, 354
111, 226, 354
-49, 446, 521
-199, 639, 604
-384, 818, 690
-797, 1117, 891
-1450, 1495, 1200
-1948, 1702, 1396
-1998, 1799, 1437
-1998, 1844, 1524
-1998, 1819, 1503
-1998, 1668, 1297
-1998, 1512, 1139
-1837, 1325, 858
-1465, 1182, 780
-1139, 1080, 783
-788, 910, 721
-452, 717, 609
-323, 542, 478
-181, 393, 362
-,-,-
431, -150, 351
311, -23, 337
129, 160, 403
-37, 392, 543
-37, 392, 543
-173, 604, 636
-469, 830, 747
-912, 1073, 966
-1382, 1337, 1221
-1943, 1548, 1461
-1998, 1613, 1439
-1998, 1618, 1350
-1998, 1625, 1339
-1998, 1562, 1084
-1998, 1416, 727
-1998, 1316, 570
-1854, 1232, 532
-1393, 1135, 504
-848, 991, 436
-227, 757, 398
287, 458, 411
538, 182, 327
467, 18, 233
-,-,-
557, -108, 211
374, 82, 278
374, 82, 278
159, 303, 381
-36, 518, 488
-458, 836, 647
-1070, 1117, 846
-1629, 1324, 1042
-1996, 1538, 1314
-1998, 1694, 1444
-1998, 1717, 1464
-1998, 1645, 1388
-1998, 1592, 1287
-1998, 1447, 1077
-1880, 1286, 943
-1382, 1162, 987
-,-,-
659, -327, 198
659, -327, 198
515, -158, 268
285, 43, 369
142, 223, 442
93, 368, 479
-236, 597, 609
-236, 597, 609
-721, 889, 809
-1393, 1127, 1071
-1934, 1323, 1264
-1998, 1523, 1427
-1998, 1650, 1494
-1998, 1664, 1354
-1998, 1481, 1065
-1998, 1365, 936
-1965, 1285, 950
-1450, 1181, 956
-945, 1001, 803
-536, 781, 623
-,-,-
684, -349, 129
565, -216, 186
469, -72, 198
304, 97, 278
238, 276, 372
41, 519, 481
41, 519, 481
-403, 812, 675
-853, 1038, 848
-1218, 1265, 999
-1833, 1590, 1298
-1998, 1819, 1517
-1998, 1742, 1400
-1998, 1679, 1266
-1998, 1627, 1212
-1998, 1499, 1051
-1977, 1300, 876
-1546, 1157, 863
-1066, 1037, 887
-719, 842, 675
-,-,-
661, -453, 54
635, -363, 54
507, -227, 98
507, -227, 98
405, -73, 171
373, 77, 213
168, 309, 344
-397, 656, 654
-397, 656, 654
-1190, 998, 901
-1915, 1192, 1080
-1998, 1285, 1181
-1998, 1349, 1344
-1998, 1393, 1372
-1998, 1309, 1271
-1998, 1087, 945
-1957, 1029, 915
-1957, 1029, 915
-1556, 982, 934
-1070, 840, 825
-624, 646, 637
-,-,-
817, -387, 53
728, -225, 90
483, -18, 122
319, 134, 112
228, 335, 199
228, 335, 199
15, 625, 353
-427, 951, 602
-942, 1186, 860
-1331, 1264, 961
-1860, 1454, 1258
-1998, 1780, 1805
-1998, 1860, 1781
-1998, 1680, 1488
-1998, 1549, 1299
-1998, 1425, 1144
-1961, 1340, 1118
-1430, 1214, 1070
-,-,-
833, -516, 38
904, -444, 138
787, -328, 245
772, -222, 167
637, -68, 125
637, -68, 125
388, 167, 190
183, 405, 323
-12, 635, 377
-566, 971, 632
-1330, 1332, 1045
-1917, 1583, 1237
-1998, 1827, 1509
-1998, 1957, 1509
-1998, 1763, 1332
-1998, 1665, 1315
-1998, 1527, 1182
-,-,-
819, -400, 301
855, -427, 323
855, -427, 323
1025, -470, 354
1059, -399, 441
998, -279, 390
822, -91, 399
540, 128, 382
251, 364, 399
251, 364, 399
-124, 636, 528
-973, 1104, 867
-1846, 1475, 1289
-1998, 1643, 1399
-1998, 1634, 1230
-1998, 1630, 1217
-,-,-
1048, -440, 313
857, -308, 350
857, -308, 350
820, -238, 270
768, -95, 245
550, 113, 221
40, 428, 311
-468, 688, 440
-881, 875, 604
-881, 875, 604
-1372, 1053, 764
-1904, 1222, 921
-1998, 1483, 1177
-1998, 1502, 1161
-1998, 1374, 1052
-1998, 1285, 974
-1998, 1203, 914
-,-,-
675, -328, 436
588, -306, 281
480, -326, 244
480, -326, 244
513, -274, 403
485, -138, 425
330, 0, 388
125, 181, 454
-272, 406, 589
-272, 406, 589
-657, 610, 700
-1164, 832, 836
-1858, 1149, 1247
-1998, 1338, 1582
-1998, 1411, 1661
-1998, 1358, 1507
-1998, 1224, 1169
-1998, 1099, 938
-1980, 954, 735
-1600, 836, 610
-1210, 727, 478
-,-,-
782, -310, 278
630, -153, 283
415, 68, 351
415, 68, 351
218, 285, 425
-99, 573, 524
-597, 868, 734
-1016, 1038, 835
-1549, 1268, 976
-1998, 1560, 1300
-1998, 1660, 1397
-1998, 1584, 1264
-1998, 1543, 1201
-1998, 1472, 1115
-1998, 1338, 970
-1883, 1185, 850
-1406, 1058, 766
-1075, 923, 625
-,-,-
713, -332, 106
670, -204, 152
624, 23, 257
624, 23, 257
295, 288, 397
4, 471, 367
-313, 691, 494
-923, 1051, 843
-923, 1051, 843
-1735, 1388, 1116
-1998, 1503, 1180
-1998, 1592, 1242
-1998, 1627, 1189
-1998, 1399, 1006
-1998, 1297, 905
-1974, 1225, 888
-1490, 1116, 880
-912, 958, 820
-,-,-
683, 85, 265
392, 324, 259
-44, 609, 433
-44, 609, 433
-360, 804, 639
-698, 1069, 920
-1422, 1383, 1102
-1992, 1606, 1169
-1998, 1681, 1285
-1998, 1752, 1435
-1998, 1756, 1339
-1998, 1656, 1158
-1998, 1522, 1012
-1981, 1392, 913
-1519, 1280, 954
-925, 1134, 965
-441, 879, 807
-117, 606, 597
-,-,-
562, -408, -203
558, -262, -107
528, -34, -83
324, 259, 18
-79, 565, 201
-79, 565, 201
-354, 805, 386
-744, 1111, 748
-1449, 1477, 1163
-1991, 1733, 1343
-1998, 1837, 1500
-1998, 1839, 1513
-1998, 1694, 1352
-1998, 1567, 1242
-1998, 1436, 1144
-1960, 1332, 1090
-1503, 1218, 1059
-605, 899, 808
-605, 899, 808
-,-,-
657, -314, 91
600, -70, 116
254, 261, 244
254, 261, 244
-37, 484, 311
-42, 618, 311
-304, 899, 554
-1188, 1415, 867
-1957, 1797, 1319
-1998, 1810, 1358
-1998, 1830, 1275
-1998, 1866, 1219
-1998, 1791, 1147
-1998, 1633, 1026
-,-,-
920, -648, -64
902, -375, 78
602, -27, 294
133, 331, 401
133, 331, 401
-218, 615, 441
-659, 982, 723
-1361, 1314, 1056
-1916, 1465, 1078
-1998, 1541, 1127
-1998, 1631, 1298
-1998, 1626, 1350
-1998, 1502, 1188
-1998, 1355, 1043
-1998, 1201, 922
-1890, 1067, 840
-1483, 952, 792
-,-,-
794, -356, -16
742, -151, -19
409, 10, 74
106, 341, 224
-66, 596, 291
-479, 939, 595
-479, 939, 595
-1166, 1282, 929
-1875, 1493, 1085
-1998, 1674, 1429
-1998, 1663, 1480
-1998, 1570, 1403
-1998, 1482, 1315
-1998, 1188, 921
-1767, 1043, 769
-1767, 1043, 769
-,-,-
480, -244, 113
180, -78, 219
180, -78, 219
-100, 33, 162
-277, 222, 201
-390, 344, 357
-566, 535, 486
-853, 772, 626
-1224, 954, 763
-1407, 1081, 871
-1799, 1310, 1084
-1998, 1468, 1207
-1998, 1544, 1170
-1998, 1413, 907
-,-,-
297, -448, -95
418, -451, -98
499, -324, -13
482, -118, 106
390, 161, 269
243, 369, 444
243, 369, 444
-22, 545, 547
-539, 765, 652
-1100, 1157, 1042
-1630, 1445, 1402
-1995, 1489, 1497
-,-,-
306, -427, -149
297, -473, -169
431, -425, -49
532, -388, 41
532, -388, 41
532, -246, 216
491, -131, 361
335, -1, 476
134, 140, 624
-177, 244, 686
-553, 537, 895
-553, 537, 895
-1101, 911, 1237
-1749, 1172, 1531
-1998, 1241, 1543
-1998, 1262, 1392
-1998, 1211, 1173
-1998, 1155, 1026
-1998, 1106, 1014
-1861, 728, 849
-1861, 728, 849
-1513, 555, 809
-1227, 454, 836
-1008, 320, 776
-850, 160, 665
-693, 0, 527
-,-,-
395, -40, 479
313, -119, 414
138, -186, 415
-158, 18, 584
-472, 185, 693
-724, 227, 721
-724, 227, 721
-1226, 449, 844
-1882, 804, 1144
-1998, 949, 1161
-1998, 910, 1019
-1998, 846, 904
-1998, 815, 912
-1998, 717, 892
-1998, 583, 838
-1882, 404, 718
-,-,-
-349, -229, 368
-349, -229, 368
-102, -301, 279
78, -325, 183
-,-,-
-180, -98, 411
-147, -282, 271
-366, -150, 416
-616, 67, 578
-686, 47, 554
-686, 47, 554
-673, -43, 493
-759, 108, 612
-1085, 353, 814
-1409, 466, 873
-1556, 482, 901
-1512, 535, 937
-1632, 650, 1018
-1876, 714, 1074
-1962, 719, 1017
-1998, 729, 979
-1998, 741, 944
-1972, 713, 910
-1768, 626, 939
-1768, 626, 939
-1427, 482, 888
-1206, 341, 824
-1066, 297, 814
-1102, 302, 834
-1119, 256, 816
-991, 156, 709
-837, 29, 573
-684, -119, 448
-544, -181, 402
-356, -210, 421
-189, -273, 389
-151, -281, 393
-151, -281, 393
-78, -273, 411
32, -279, 368
123, -255, 397
-,-,-
-502, 153, 333
-877, 181, 343
-1192, 409, 601
-1449, 485, 620
-1812, 559, 539
-1998, 773, 558
-1998, 920, 674
-1998, 920, 674
-1998, 933, 677
-1998, 855, 609
-1998, 766, 594
-1998, 671, 632
-1864, 560, 684
-1550, 447, 716
-1265, 329, 725
-1126, 253, 713
-964, 174, 693
-619, 66, 676
-253, -42, 637
-253, -42, 637
-78, -133, 572
-101, -159, 542
-83, -192, 519
69, -230, 454
131, -283, 311
167, -260, 340
177, -205, 361
177, -205, 361
-,-,-
-541, 2, 539
-704, 135, 664
-704, 135, 664
-892, 131, 668
-1048, 104, 558
-1415, 363, 594
-1966, 701, 813
-1998, 768, 802
-1998, 702, 631
-1998, 677, 495
-1998, 644, 433
-1998, 603, 488
-1968, 460, 526
-1570, 327, 595
-1240, 199, 595
-1240, 199, 595
-1161, 167, 625
-1043, 133, 643
-768, 47, 621
-497, -11, 601
-293, -79, 529
-126, -143, 442
52, -203, 429
225, -236, 432
225, -236, 432
260, -246, 423
287, -222, 451
-,-,-
-1171, 389, 455
-1533, 555, 498
-1533, 555, 498
-1915, 758, 422
-1998, 892, 301
-1998, 1004, 242
-1998, 1035, 258
-1998, 937, 240
-1998, 822, 354
-1998, 684, 443
-1832, 589, 528
-1500, 459, 543
-1087, 321, 547
-891, 251, 543
-598, 216, 575
-214, 86, 598
-214, 86, 598
172, -78, 493
293, -188, 403
249, -169, 480
-,-,-
85, -87, 512
-258, 101, 533
-600, 290, 549
-688, 393, 585
-883, 504, 659
-1257, 656, 682
-1257, 656, 682
-1714, 799, 683
-1998, 898, 719
-1998, 942, 708
-1998, 991, 697
-1998, 955, 615
-1998, 842, 521
-1998, 756, 540
-1976, 627, 494
-1718, 507, 469
-1309, 354, 458
-1062, 270, 486
-934, 263, 568
-655, 189, 583
-655, 189, 583
-329, 109, 598
-192, 18, 579
-38, -56, 452
-,-,-
129, -77, 451
-204, 110, 563
-361, 170, 647
-585, 269, 715
-1064, 430, 770
-1662, 643, 861
-1986, 719, 858
-1998, 751, 823
-1998, 751, 823
-1998, 788, 812
-1998, 758, 737
-1998, 650, 680
-1998, 515, 653
-1978, 363, 571
-1734, 232, 507
-1505, 185, 489
-1306, 171, 510
-1031, 129, 518
-679, 66, 509
-455, 38, 480
-455, 38, 480
-245, 3, 424
-172, 18, 471
-51, 55, 513
128, 25, 506
128, 25, 506
263, 23, 528
-,-,-
100, 46, 573
-213, 60, 479
-213, 60, 479
-750, 41, 358
-1012, 233, 501
-1369, 407, 556
-1840, 564, 508
-1998, 747, 511
-1998, 998, 639
-1998, 919, 516
-1998, 786, 395
-1998, 728, 427
-1998, 646, 460
-1998, 646, 460
-1997, 505, 402
-1705, 302, 411
-1173, 182, 443
-1011, 31, 423
-681, -5, 464
-356, 3, 571
-,-,-
313, -31, 434
314, -48, 417
228, -84, 421
175, -87, 379
175, -87, 379
50, -46, 432
-16, 52, 502
-252, 139, 561
-512, 307, 603
-891, 546, 705
-891, 546, 705
-1435, 809, 823
-1956, 1096, 917
-1998, 1216, 821
-1998, 1153, 638
-1998, 1114, 625
-1998, 1063, 643
-1998, 985, 655
-1998, 866, 642
-1790, 716, 658
-1318, 558, 621
-1016, 384, 538
-,-,-
359, -127, 441
346, -124, 412
346, -124, 412
193, -126, 404
153, -101, 418
154, -42, 445
61, 58, 484
-106, 167, 528
-106, 167, 528
-339, 315, 585
-647, 500, 635
-1133, 740, 753
-1675, 987, 924
-1994, 1243, 1121
-1998, 1257, 1063
-1998, 1172, 875
-1998, 1144, 773
-1998, 1053, 665
-1998, 939, 587
-1991, 780, 482
-1735, 634, 392
-1398, 531, 375
-,-,-
399, -257, 324
337, -187, 404
283, -130, 485
177, -25, 537
177, -25, 537
39, 45, 523
-139, 163, 553
-330, 295, 606
-615, 548, 708
-964, 778, 835
-1366, 949, 881
-1366, 949, 881
-1808, 1127, 854
-1998, 1318, 803
-1998, 1412, 693
-1998, 1344, 574
-1998, 1255, 499
-1998, 1128, 455
-1988, 988, 405
-1689, 862, 420
-1346, 750, 437
-971, 616, 439
-699, 485, 443
-,-,-
391, -258, 462
391, -258, 462
409, -189, 461
265, -45, 507
8, 96, 561
-106, 224, 525
-320, 313, 526
-320, 313, 526
-608, 485, 556
-1042, 808, 712
-1679, 1128, 945
-1997, 1295, 998
-1998, 1347, 975
-1998, 1326, 922
-1998, 1239, 836
-1998, 1166, 856
-1998, 1006, 735
-1995, 816, 634
-1721, 712, 680
-,-,-
398, -169, 419
535, -215, 350
504, -141, 395
373, -80, 430
317, 3, 445
317, 3, 445
148, 168, 488
-170, 313, 487
-441, 400, 500
-599, 462, 578
-1185, 714, 657
-1185, 714, 657
-1935, 1074, 769
-1998, 1224, 850
-1998, 1090, 670
-1998, 934, 521
-1998, 930, 602
-1998, 881, 654
-1998, 755, 610
-1767, 583, 559
-1406, 403, 498
-1020, 278, 482
-694, 146, 451
-,-,-
287, -186, 406
283, -131, 392
280, -114, 455
312, -46, 452
312, -46, 452
118, 51, 487
-105, 152, 466
-275, 191, 435
-501, 313, 540
-862, 446, 588
-1428, 637, 605
-1428, 637, 605
-1946, 813, 715
-1998, 922, 812
-1998, 883, 676
-1998, 852, 593
-1998, 842, 594
-1998, 784, 644
-1998, 663, 639
-1971, 488, 564
-1687, 354, 568
-,-,-
104, -135, 314
219, -177, 257
366, -72, 384
316, -118, 274
273, -167, 139
273, -167, 139
243, -149, 167
164, -51, 212
-33, 85, 287
-278, 216, 360
-539, 322, 382
-1089, 546, 475
-1089, 546, 475
-1837, 843, 692
-1998, 996, 796
-1998, 956, 735
-1998, 883, 660
-1998, 864, 668
-1998, 831, 694
-1998, 733, 678
-1943, 601, 663
-1654, 493, 664
-1390, 326, 577
-1052, 157, 535
-706, 58, 500
-706, 58, 500
-536, -93, 227
-406, -222, 5
-,-,-
370, -82, 284
291, -131, 217
227, -99, 234
227, -99, 234
85, -24, 218
-154, 64, 218
-393, 218, 330
-581, 334, 471
-928, 451, 579
-928, 451, 579
-1373, 645, 749
-1886, 866, 892
-1998, 1010, 979
-1998, 1002, 934
-1998, 947, 811
-1998, 932, 784
-1998, 866, 761
-1998, 782, 750
-1974, 710, 724
-1720, 605, 661
-1465, 498, 619
-1195, 403, 562
-860, 315, 499
-504, 195, 410
-504, 195, 410
-171, 76, 345
18, -20, 281
79, -113, 234
170, -188, 221
355, -223, 260
355, -223, 260
497, -325, 149
586, -408, 49
685, -431, 6
686, -376, 23
664, -302, 6
664, -302, 6
562, -133, 119
-,-,-
-1998, 607, 472
-1524, 467, 499
-990, 337, 429
-694, 204, 435
-440, 27, 326
-35, -130, 235
133, -279, 102
133, -279, 102
139, -243, 101
39, -40, 289
-40, 134, 480
-72, 158, 507
-221, 224, 449
-221, 224, 449
-533, 338, 403
-929, 534, 429
-1237, 734, 531
-1417, 825, 544
-1624, 849, 463
-1796, 885, 432
-1966, 995, 498
-1998, 1030, 504
-1998, 989, 454
-1996, 963, 468
-1891, 941, 575
-1703, 871, 619
-1490, 751, 586
-1490, 751, 586
-1180, 613, 556
-835, 480, 515
-544, 338, 416
-,-,-
-999, 98, 239
-879, 80, 183
-830, 72, 124
-830, 72, 124
-769, 51, 78
-742, 84, -3
-669, 68, -18
-591, 55, -27
-591, 55, -27
-492, 72, -33
-361, 105, -30
-200, 164, -49
-5, 213, -58
149, 329, -13
149, 329, -13
259, 403, -10
255, 447, -11
-10, 433, -10
-435, 333, 24
-871, 71, 296
-871, 71, 296
-1410, -291, 653
-1924, -638, 924
-1998, -881, 1106
-1998, -939, 1247
-1998, -946, 1408
-1998, -809, 1525
-1998, -652, 1475
-1939, -476, 1293
-1662, -307, 1069
-1051, -11, 503
-1051, -11, 503
-797, 96, 243
-,-,-
-354, 63, 15
-354, 63, 15
-339, 104, 25
-339, 155, 138
-396, 86, 273
-575, 96, 300
-638, 159, 303
-638, 159, 303
-679, 209, 430
-808, 320, 507
-1025, 346, 568
-1296, 238, 770
-1608, 61, 1033
-1912, -77, 1322
-1998, -249, 1596
-1998, -467, 1671
-1998, -565, 1623
-1998, -575, 1481
-1974, -514, 1258
-1750, -374, 1003
-1502, -230, 762
-1285, -95, 522
-1124, 46, 268
-,-,-
-323, 124, 136
-501, 214, 261
-728, 106, 446
-728, 106, 446
-976, 9, 584
-1063, 0, 674
-1263, -13, 850
-1483, 4, 1038
-1581, 76, 1270
-1603, 165, 1420
-1694, 243, 1500
-1841, 230, 1546
-1967, 90, 1512
-1992, -58, 1456
-1926, -194, 1338
-1792, -240, 1173
-1708, -197, 978
-1602, -130, 791
-1367, -36, 625
-1094, 10, 463
-1094, 10, 463
-874, 22, 261
-661, -8, 72
-489, -17, -59
-,-,-
-246, 338, 264
-389, 419, 331
-658, 256, 615
-877, 13, 841
-1173, -159, 955
-1491, -229, 1167
-1649, -217, 1412
-1764, -147, 1629
-1891, -132, 1647
-1998, -173, 1554
-1998, -246, 1491
-1998, -347, 1412
-1954, -439, 1280
-1749, -433, 1091
-1529, -300, 914
-1309, -138, 749
-1115, -3, 572
-946, 84, 404
-801, 112, 254
-801, 112, 254
-692, 101, 123
-,-,-
-505, 34, 270
-511, -36, 404
-600, -19, 536
-804, 49, 689
-1043, 164, 929
-1116, 320, 1145
-1112, 469, 1231
-1344, 469, 1271
-1344, 486, 1271
-1655, 260, 1385
-1840, 165, 1514
-1901, 113, 1571
-1927, 60, 1589
-1902, -72, 1533
-1799, -169, 1385
-1624, -174, 1191
-1421, -95, 1010
-1251, -9, 848
-1140, 45, 691
-1058, 89, 552
-963, 150, 432
-836, 179, 318
-743, 166, 211
-,-,-
-70, -21, 92
-47, 23, 71
-88, 83, 91
-88, 83, 91
-169, 120, 167
-312, 124, 267
-417, 140, 365
-642, 189, 379
-945, 120, 431
-1193, 39, 561
-1193, 39, 561
-1425, -44, 735
-1708, -85, 905
-1933, -100, 1064
-1998, -68, 1217
-1998, -83, 1269
-1998, -148, 1296
-1998, -251, 1240
-1964, -307, 1185
-1760, -269, 1086
-1572, -185, 960
-1405, -86, 784
-1263, -2, 608
-1106, 49, 470
-912, 97, 346
-707, 102, 248
-578, 74, 153
-442, 66, 87
-442, 66, 87
-302, 87, 92
-,-,-
-200, 15, 89
-190, 75, 155
-255, 109, 234
-255, 109, 234
-445, 124, 298
-654, 89, 409
-740, 14, 554
-969, -20, 745
-1250, -32, 940
-1446, -56, 1134
-1579, -57, 1306
-1771, -59, 1456
-1883, -95, 1573
-1963, -133, 1571
-1989, -209, 1546
-1928, -302, 1508
-1782, -353, 1419
-1601, -351, 1250
-1429, -281, 1049
-1289, -185, 894
-1149, -111, 759
-1017, -51, 620
-885, -1, 476
-741, 50, 342
-741, 50, 342
-,-,-
-202, 133, 67
-233, 119, 160
-267, 161, 240
-371, 119, 361
-549, 57, 496
-773, 29, 566
-773, 29, 566
-993, -1, 645
-1256, -48, 793
-1432, -62, 937
-1469, 47, 1047
-1626, 150, 1148
-1751, 187, 1307
-1862, 68, 1420
-1941, -74, 1459
-1949, -223, 1440
-1865, -401, 1351
-1723, -512, 1210
-1639, -530, 1086
-1553, -455, 946
-1455, -316, 842
-1281, -196, 804
-1090, -52, 731
-868, 88, 587
-619, 198, 339
-619, 198, 339
-,-,-
-378, -11, 247
-433, 124, 221
-536, 133, 298
-552, -13, 480
-552, -13, 480
-653, -80, 599
-959, -47, 608
-1152, 58, 688
-1122, 202, 890
-1109, 218, 1090
-1235, 195, 1144
-1478, 154, 1175
-1567, 49, 1245
-1586, -41, 1304
-1725, -190, 1318
-1868, -399, 1275
-1974, -584, 1188
-1938, -596, 1118
-1763, -484, 1048
-1552, -316, 974
-1348, -170, 867
-1178, -47, 731
-1067, 58, 617
-944, 157, 496
-824, 206, 371
-723, 222, 247
-723, 222, 247
-620, 220, 175
-495, 176, 159
-,-,-
-250, 73, 124
-215, -1, 104
-370, 11, 121
-513, -78, 183
-661, -106, 293
-661, -106, 293
-737, -77, 488
-831, -129, 683
-1052, -129, 843
-1255, -87, 1022
-1414, -11, 1236
-1528, 45, 1443
-1647, 25, 1589
-1813, -38, 1623
-1847, -70, 1614
-1774, -116, 1559
-1695, -210, 1469
-1630, -347, 1288
-1537, -418, 1089
-1397, -368, 929
-1257, -247, 801
-1168, -159, 669
-1115, -121, 547
-1049, -82, 469
-915, -20, 410
-779, 51, 313
-,-,-
-99, 65, 62
-99, 65, 62
-85, 80, 100
-82, 71, -7
-220, 54, -74
-220, 54, -74
-376, 17, 2
-485, -25, 252
-692, -13, 421
-940, -61, 657
-1147, -101, 978
-1298, -152, 1277
-1563, -154, 1475
-1758, -146, 1550
-1861, -178, 1649
-1912, -201, 1686
-1942, -212, 1647
-1894, -254, 1546
-1768, -316, 1402
-1602, -332, 1219
-1461, -302, 1040
-1347, -221, 924
-1221, -157, 847
-1098, -102, 775
-998, -31, 728
-,-,-
-66, -37, 80
-66, -37, 80
-52, 10, 51
-92, -15, 35
-115, -15, 55
-92, 33, 79
-92, 33, 79
-88, 48, 111
-207, 32, 144
-401, -19, 191
-401, -19, 191
-556, -7, 322
-706, 79, 488
-891, 104, 662
-1163, 50, 858
-1366, -55, 993
-1488, -86, 1133
-1598, -142, 1233
-1756, -200, 1348
-1884, -255, 1444
-1968, -355, 1486
-1955, -472, 1456
-1868, -511, 1368
-1723, -481, 1221
-1565, -362, 1065
-1461, -219, 950
-1378, -59, 913
-1203, 62, 924
-,-,-
5, -30, -23
0, 0, -20
0, 0, -20
0, 63, 15
-28, 58, 55
-28, 58, 55
-44, 86, 95
-140, 145, 119
-336, 179, 155
-495, 150, 305
-495, 150, 305
-527, 53, 484
-651, 28, 555
-1018, -87, 671
-1307, -210, 913
-1375, -180, 1265
-1391, -88, 1493
-1548, -109, 1586
-1764, -196, 1668
-1888, -227, 1684
-1917, -257, 1645
-1862, -315, 1540
-1763, -421, 1394
-1645, -489, 1193
-1549, -446, 1033
-1434, -337, 931
-1305, -249, 833
-1145, -148, 743
-1045, 0, 707
-891, 77, 630
-656, 152, 464
-475, 159, 303
-360, 119, 162
-,-,-
-35, 55, 125
-35, 55, 125
-105, 114, 141
-323, 128, 219
-459, 84, 371
-528, 34, 507
-889, -11, 584
-889, -11, 584
-1244, -97, 816
-1491, -136, 1163
-1648, -27, 1441
-1825, 194, 1658
-1968, 312, 1921
-1998, 234, 1998
-1998, -36, 1941
-1998, -366, 1728
-1900, -575, 1457
-1671, -600, 1195
-1426, -467, 1007
-1210, -288, 856
-1012, -146, 749
-870, -11, 631
-,-,-
-77, 20, -49
-77, 20, -49
-104, 61, -92
-73, 93, -81
-164, 106, -38
-378, 128, -44
-542, 75, 95
-542, 75, 95
-627, -10, 377
-748, -12, 653
-1065, 83, 916
-1387, 163, 1232
-1618, 181, 1574
-1798, 153, 1847
-1981, 150, 1998
-1998, 93, 1998
-1997, -62, 1955
-1911, -255, 1699
-1751, -391, 1416
-1593, -372, 1154
-1410, -257, 971
-,-,-
-59, 90, 247
-97, 146, 217
-144, 122, 68
-207, 84, 87
-271, 118, 161
-442, 159, 103
-442, 159, 103
-666, 89, 191
-778, -31, 373
-835, -82, 519
-1044, -37, 619
-1257, 8, 786
-1510, 18, 1041
-1746, 18, 1283
-1746, 18, 1283
-1965, 8, 1583
-1998, 18, 1838
-1997, 44, 1918
-1913, 11, 1771
-1769, -88, 1453
-,-,-
-131, 1, -102
-174, 33, -104
-172, -29, -126
-177, -37, -107
-147, 6, -54
-147, 6, -54
-155, 70, -22
-231, 121, 51
-363, 114, 215
-424, 120, 417
-528, 183, 611
-528, 183, 611
-762, 232, 833
-977, 203, 1092
-1116, 165, 1400
-1316, 159, 1641
-1529, 128, 1753
-1719, 62, 1765
-1807, -22, 1754
-1787, -77, 1697
-1704, -88, 1576
-1602, -80, 1427
-1455, -108, 1288
-1333, -138, 1145
-1245, -83, 1007
-1157, 0, 914
-,-,-
-124, 162, -99
-160, 184, -80
-160, 184, -80
-250, 187, 35
-346, 80, 200
-490, -31, 423
-617, -46, 630
-739, -28, 840
-885, -29, 1039
-885, -29, 1039
-1014, -64, 1193
-1164, 3, 1270
-1317, 71, 1388
-1463, 79, 1547
-1610, 69, 1659
-1753, 5, 1708
-1810, -90, 1696
-1785, -180, 1654
-1689, -242, 1549
-1555, -251, 1410
-1400, -216, 1264
-1264, -161, 1135
-1133, -74, 1044
-995, 11, 936
-866, 74, 848
-,-,-
32, 98, -145
37, 86, -137
35, 93, -98
-21, 76, -21
-21, 76, -21
-91, 2, 54
-153, -102, 174
-345, -129, 264
-602, -141, 372
-820, -91, 674
-936, -38, 1090
-936, -38, 1090
-1075, 31, 1521
-1308, 167, 1801
-1503, 216, 1920
-1713, 151, 1976
-1848, 70, 1974
-1908, -33, 1895
-1880, -198, 1750
-1789, -305, 1612
-1632, -322, 1437
-,-,-
2, 38, -154
51, 16, -184
4, 42, -173
21, 44, -132
21, 44, -132
35, 55, -101
-36, 81, -52
-157, 52, 29
-157, 52, 29
-282, 32, 168
-379, 28, 317
-545, 69, 502
-780, 0, 777
-780, 0, 777
-996, -128, 1058
-1056, -114, 1313
-1190, -84, 1540
-1446, -58, 1711
-1745, -135, 1816
-1914, -190, 1874
-1960, -182, 1866
-1927, -213, 1783
-1820, -254, 1650
-1642, -249, 1485
-1446, -193, 1289
-1280, -127, 1117
-,-,-
-116, 19, 44
-80, 23, 63
-80, 34, 154
-93, 0, 199
-93, 0, 199
-145, -17, 195
-186, -24, 238
-233, 13, 325
-384, 38, 422
-384, 38, 422
-516, 34, 458
-576, 28, 448
-728, -14, 465
-982, -153, 575
-1182, -313, 742
-1340, -395, 935
-1547, -434, 1163
-1729, -478, 1395
-1933, -578, 1583
-1998, -639, 1684
-1998, -610, 1673
-1960, -613, 1559
-1802, -577, 1364
-1626, -429, 1177
-1439, -282, 1078
-1262, -139, 1009
-,-,-
-15, 42, 72
-15, 42, 72
-46, 45, 99
-67, 63, 65
-67, 63, 65
-154, 108, 35
-243, 168, 5
-290, 195, 7
-299, 179, 111
-299, 179, 111
-447, 149, 288
-691, 1, 495
-898, -186, 750
-1109, -305, 1070
-1319, -375, 1359
-1545, -424, 1651
-1807, -528, 1836
-1961, -558, 1850
-1998, -567, 1770
-1989, -599, 1619
-1893, -598, 1452
-1775, -502, 1274
-1615, -414, 1166
-1483, -348, 1112
-1393, -269, 1035
-,-,-
16, 79, -60
110, 80, -194
110, 80, -328
43, 2, -328
17, -44, -368
36, -1, -276
3, 67, -157
3, 67, -157
-63, 96, -65
-160, 158, 62
-229, 156, 227
-408, 126, 304
-408, 126, 304
-707, 69, 391
-1038, -1, 530
-1247, -109, 741
-1496, -131, 1008
-1783, -190, 1282
-1995, -317, 1568
-1998, -422, 1725
-1998, -397, 1682
-1998, -335, 1582
-1998, -364, 1510
-1973, -443, 1378
-1789, -487, 1159
-1597, -439, 968
-1383, -338, 865
-1169, -247, 793
-974, -143, 646
-813, -23, 453
-624, 28, 275
-470, 34, 176
-371, 68, 150
-,-,-
-370, -7, -69
-317, 89, 12
-317, 89, 12
-360, 119, 197
-407, -5, 385
-620, -107, 417
-786, -170, 481
-850, -150, 738
-937, -98, 996
-1148, -94, 1131
-1376, -150, 1157
-1589, -192, 1230
-1750, -256, 1356
-1882, -298, 1401
-1989, -373, 1390
-1998, -468, 1353
-1998, -521, 1316
-1902, -502, 1240
-1703, -416, 1147
-1507, -304, 1028
-1339, -197, 904
-,-,-
-133, -23, -70
-145, -10, -91
-166, 42, -112
-159, 61, -106
-159, 61, -106
-141, 44, -58
-149, 64, 4
-178, 107, 112
-188, 84, 233
-212, -11, 467
-212, -11, 467
-407, -113, 639
-663, -185, 767
-967, -209, 1048
-1289, -214, 1441
-1611, -265, 1768
-1940, -281, 1930
-1998, -305, 1956
-1998, -328, 1826
-1998, -361, 1557
-1996, -450, 1346
-1891, -535, 1226
-,-,-
-203, -61, -28
-203, -61, -28
-248, -81, -40
-254, -123, 16
-223, -116, 82
-242, -46, 177
-293, 58, 292
-377, 87, 441
-377, 87, 441
-453, 152, 638
-751, 313, 853
-1104, 294, 1016
-1342, 156, 1245
-1643, -52, 1413
-1958, -227, 1499
-1998, -374, 1563
-1998, -510, 1604
-1998, -633, 1579
-1998, -717, 1418
-1919, -731, 1172
-1655, -645, 952
-1387, -491, 798
-1173, -295, 710
-1015, -103, 626
-872, 72, 520
-718, 220, 408
-578, 292, 358
-481, 290, 294
-431, 228, 192
-,-,-
-243, -71, 87
-276, -58, 94
-276, -58, 94
-276, -11, 108
-258, -22, 197
-366, -12, 347
-519, 46, 487
-598, 133, 709
-661, 178, 970
-971, 172, 1129
-971, 172, 1129
-1168, 159, 1230
-1283, 109, 1356
-1460, -24, 1411
-1642, -109, 1407
-1745, -145, 1397
-1850, -219, 1367
-1938, -324, 1330
-1810, -417, 1231
-1652, -368, 1135
-1547, -276, 1020
-1455, -178, 933
-1328, -79, 885
-1171, 3, 855
-,-,-
-92, 40, -332
-132, -42, -261
-216, -13, -210
-318, -60, -94
-380, -147, 102
-432, -183, 347
-618, -129, 601
-618, -129, 601
-846, -81, 896
-1022, -113, 1206
-1127, -96, 1469
-1297, -45, 1571
-1487, -26, 1599
-1615, -58, 1613
-1715, -119, 1603
-1789, -152, 1568
-1776, -196, 1534
-1696, -243, 1470
-1582, -267, 1360
-1360, -206, 1115
-1239, -163, 1001
-1124, -136, 891
-1046, -92, 779
-,-,-
-96, 30, -25
-120, 105, -60
-120, 105, -60
-186, 72, -49
-199, -12, -12
-280, -28, 21
-350, -34, 91
-413, -24, 206
-462, -68, 347
-462, -68, 347
-594, -136, 538
-829, -106, 744
-1036, -65, 1002
-1179, -101, 1334
-1338, -63, 1586
-1515, -70, 1684
-1691, -132, 1694
-1770, -155, 1648
-1789, -202, 1595
-1735, -253, 1532
-1613, -277, 1412
-1487, -295, 1261
-1380, -255, 1097
-1333, -175, 962
-1282, -86, 886
-1204, -28, 818
-,-,-
-131, 27, -136
-118, 66, -83
-171, 27, 51
-269, -61, 158
-429, -144, 224
-429, -144, 224
-525, -170, 370
-519, -132, 577
-652, -60, 799
-866, -35, 1020
-995, -12, 1222
-1145, 36, 1411
-1297, 2, 1559
-1480, -68, 1616
-1621, -75, 1619
-1649, -59, 1602
-1634, -52, 1583
-1592, -21, 1540
-1539, -44, 1462
-1483, -79, 1343
-1398, -65, 1211
-1306, -15, 1109
-1215, 14, 1045
-1111, 42, 974
-1020, 105, 855
-1020, 105, 855
-938, 175, 740
-843, 209, 633
-711, 188, 538
-592, 146, 442
-466, 91, 307
-352, 66, 203
-242, 43, 128
-,-,-
-602, 82, 317
-707, 11, 453
-844, 15, 603
-844, 15, 603
-915, 40, 727
-934, -32, 896
-1010, -119, 972
-1111, -145, 963
-1141, -108, 980
-1089, -62, 1030
-1041, -42, 1035
-1134, -72, 984
-1228, -73, 977
-1272, -102, 1051
-1360, -179, 1123
-1474, -246, 1152
-1557, -292, 1209
-1567, -340, 1275
-1533, -351, 1268
-1467, -325, 1221
-1373, -281, 1152
-1258, -221, 1092
-1144, -157, 1002
-1050, -98, 903
-971, -54, 795
-867, -41, 685
-776, 3, 561
-693, 50, 449
-,-,-
-25, 123, 138
-113, 117, 70
-201, 86, 81
-244, 74, 135
-244, 74, 135
-317, 43, 220
-461, -11, 298
-612, -93, 415
-687, -135, 561
-847, -96, 705
-1037, -166, 927
-1154, -129, 1215
-1247, -103, 1471
-1402, -121, 1630
-1519, -140, 1674
-1624, -198, 1657
-1695, -281, 1570
-1707, -367, 1475
-1655, -452, 1350
-1542, -485, 1234
-1420, -457, 1135
-1324, -382, 1032
-1225, -297, 935
-1106, -190, 881
-983, -77, 809
-931, -54, 735
-861, -41, 653
-,-,-
-224, -22, 67
-175, -16, -40
-124, 3, -38
-117, 3, -22
-117, 3, -22
-133, 9, 15
-153, -1, 32
-181, -10, 66
-181, -10, 66
-205, -28, 147
-318, -41, 214
-488, -77, 328
-588, -69, 523
-678, -44, 727
-853, 7, 909
-853, 7, 909
-1045, 9, 1069
-1186, -7, 1232
-1294, -66, 1352
-1408, -86, 1407
-1527, -94, 1435
-1639, -117, 1439
-1728, -194, 1446
-1755, -308, 1439
-1726, -383, 1360
-1634, -425, 1229
-1516, -399, 1091
-1383, -314, 982
-1226, -227, 909
-1120, -137, 816
-1033, -79, 709
-944, -24, 603
-883, 57, 522
-759, 64, 463
-,-,-
-48, 76, 128
-29, 109, 138
-59, 84, 171
-59, 84, 171
-112, 59, 157
-209, 45, 143
-305, 19, 150
-390, -35, 183
-542, -60, 213
-542, -60, 213
-671, -86, 286
-725, -53, 401
-769, -47, 546
-922, -42, 646
-1085, -94, 748
-1166, -111, 916
-1171, -104, 1110
-1334, -156, 1211
-1524, -290, 1298
-1717, -411, 1391
-1842, -510, 1462
-1863, -555, 1464
-1808, -582, 1365
-1677, -580, 1233
-1525, -504, 1099
-1383, -385, 1005
-1224, -264, 920
-1060, -155, 816
-982, -86, 705
-956, -47, 588
-883, -17, 501
-749, 25, 448
-,-,-
-233, 10, -68
-137, 9, -7
-109, 63, 60
-109, 63, 60
-134, 42, 139
-188, 1, 191
-245, -27, 206
-288, -80, 176
-288, -80, 176
-367, -104, 157
-505, -100, 196
-638, -119, 313
-730, -128, 454
-852, -108, 556
-1039, -110, 689
-1132, -76, 849
-1133, -3, 1033
-1230, 7, 1132
-1386, -88, 1178
-1472, -147, 1255
-1545, -159, 1299
-1622, -208, 1312
-1644, -256, 1286
-1609, -311, 1215
-1558, -371, 1121
-1473, -400, 988
-1378, -341, 867
-1300, -278, 822
-1218, -231, 796
-,-,-
-152, 107, -54
-152, 107, -54
-130, 118, -98
-140, 126, -110
-151, 111, -112
-221, 61, -92
-358, -25, -53
-421, -53, 51
-442, -63, 221
-442, -63, 221
-565, -79, 409
-741, -144, 656
-860, -195, 918
-893, -172, 1093
-1031, -145, 1175
-1202, -224, 1249
-1310, -293, 1311
-1382, -278, 1351
-1450, -274, 1394
-1514, -297, 1450
-1559, -368, 1433
-1566, -422, 1354
-1534, -477, 1239
-1466, -495, 1164
-1388, -454, 1110
-1338, -368, 1039
-1210, -109, 908
-1084, -26, 855
-,-,-
-135, 18, -71
-67, 54, -88
-106, 68, -49
-106, 68, -49
-177, 47, 11
-255, 29, 17
-333, 46, 83
-333, 46, 83
-380, 131, 185
-439, 175, 297
-568, 117, 439
-726, -5, 578
-841, -67, 664
-973, -75, 747
-973, -75, 747
-1121, -163, 890
-1183, -233, 1077
-1282, -281, 1190
-1436, -300, 1216
-1567, -395, 1245
-1675, -501, 1280
-1758, -665, 1254
-1718, -723, 1177
-1601, -700, 1086
-1466, -596, 1009
-1334, -453, 943
-1186, -317, 893
-1081, -224, 821
-1003, -167, 711
-948, -108, 590
-864, -48, 495
-864, -48, 495
-747, -6, 452
-607, 33, 407
-484, 64, 305
-365, 94, 199
-263, 113, 96
-,-,-
-309, 50, -16
-452, -43, -3
-526, -48, 86
-500, -59, 188
-620, -66, 280
-782, -137, 396
-893, -241, 540
-874, -228, 661
-874, -228, 661
-991, -183, 762
-1156, -207, 894
-1257, -217, 1029
-1285, -207, 1138
-1367, -200, 1189
-1462, -234, 1243
-1528, -288, 1308
-1527, -323, 1240
-1489, -402, 1171
-1435, -438, 1076
-1395, -433, 1000
-1302, -368, 940
-1203, -324, 867
-1140, -296, 816
-1089, -235, 769
-1030, -178, 723
-927, -120, 695
-,-,-
-76, 122, -224
-61, 114, -216
-61, 114, -216
-110, 127, -196
-170, 81, -167
-254, 24, -89
-367, -48, 6
-476, -128, 180
-592, -214, 385
-785, -292, 601
-954, -309, 790
-954, -309, 790
-1109, -268, 904
-1262, -294, 999
-1390, -364, 1096
-1498, -381, 1165
-1593, -405, 1155
-1689, -526, 1143
-1666, -564, 1086
-1619, -607, 1010
-1550, -618, 915
-1463, -579, 840
-1345, -496, 786
-1262, -384, 738
-1271, -271, 703
-1244, -225, 718
-1104, -233, 769
-952, -213, 777
-952, -213, 777
-808, -147, 686
-678, -74, 525
-,-,-
-71, 156, -151
-170, 127, -99
-274, 58, -68
-342, 60, -11
-406, 67, 90
-467, 16, 203
-467, 16, 203
-549, -71, 308
-753, -103, 444
-885, -114, 680
-971, -100, 958
-1101, -119, 1197
-1279, -155, 1314
-1412, -217, 1414
-1507, -246, 1471
-1536, -271, 1472
-1564, -345, 1435
-1547, -427, 1384
-1521, -508, 1290
-1468, -570, 1161
-1374, -576, 1043
-1283, -525, 963
-1217, -456, 919
-1189, -373, 882
-1200, -299, 874
-1128, -234, 875
-978, -151, 849
-,-,-
-142, 227, -280
-132, 239, -227
-219, 209, -163
-295, 109, -75
-327, 23, 8
-345, -42, 115
-463, -94, 214
-590, -96, 355
-590, -96, 355
-638, -98, 579
-724, -188, 792
-894, -226, 924
-1026, -230, 1066
-1148, -305, 1201
-1305, -392, 1275
-1429, -413, 1310
-1553, -468, 1342
-1640, -544, 1370
-1669, -594, 1358
-1649, -627, 1306
-1565, -631, 1229
-1457, -584, 1127
-1332, -474, 1020
-,-,-
-284, 15, 20
-284, 15, 20
-287, 11, -17
-227, 39, -37
-205, 65, -18
-202, 72, -15
-202, 72, -15
-208, 51, -9
-279, 41, 24
-364, 24, 66
-412, -8, 125
-412, -8, 125
-491, -20, 206
-625, -38, 341
-722, -117, 482
-857, -191, 610
-1014, -224, 771
-1120, -263, 1011
-1233, -309, 1205
-1395, -384, 1348
-1547, -402, 1399
-1643, -454, 1435
-1688, -558, 1436
-1679, -655, 1358
-1593, -651, 1234
-1471, -554, 1112
-1361, -464, 1016
-1233, -382, 951
-1140, -284, 883
-1068, -212, 818
-967, -142, 755
-878, -88, 657
-,-,-
-300, 53, -61
-300, 53, -61
-341, 0, -19
-352, -24, 65
-397, 7, 214
-516, -34, 371
-516, -34, 371
-600, -102, 513
-635, -97, 612
-704, -21, 724
-841, 20, 856
-939, -52, 1014
-946, -94, 1140
-1042, -83, 1203
-1174, -121, 1271
-1288, -232, 1341
-1407, -361, 1354
-1540, -442, 1362
-1635, -545, 1396
-1696, -671, 1410
-1672, -719, 1343
-1563, -670, 1245
-1432, -567, 1178
-1327, -470, 1108
-1219, -340, 1058
-1079, -217, 988
-943, -110, 901
-827, -62, 789
-759, -35, 619
-,-,-
-171, 55, -101
-215, 49, -91
-258, 24, -43
-258, 24, -43
-290, 16, 24
-312, 3, 70
-410, -4, 118
-510, -35, 214
-510, -35, 214
-540, -40, 359
-600, -32, 506
-745, -36, 664
-872, -32, 857
-1024, -10, 1053
-1160, -41, 1259
-1323, -85, 1409
-1492, -102, 1498
-1633, -166, 1565
-1744, -278, 1589
-1799, -429, 1568
-1772, -536, 1477
-1663, -562, 1308
-1510, -519, 1138
-1360, -430, 1016
-1228, -318, 948
-1130, -202, 902
-1044, -101, 847
-940, -36, 763
-,-,-
-227, 12, -105
-202, -7, -82
-154, 24, -61
-157, 55, -25
-179, 92, 0
-179, 92, 0
-204, 130, 78
-259, 123, 224
-342, 96, 300
-491, 129, 346
-491, 129, 346
-665, 90, 473
-804, -11, 633
-897, -42, 782
-1126, -30, 897
-1327, -152, 1105
-1522, -268, 1345
-1687, -306, 1538
-1825, -347, 1630
-1873, -386, 1632
-1859, -416, 1557
-1760, -435, 1421
-1591, -415, 1257
-1395, -369, 1096
-1226, -304, 943
-,-,-
-224, 171, -73
-145, 230, -76
-112, 284, -82
-123, 294, -104
-150, 241, -87
-150, 241, -87
-198, 209, -29
-279, 198, 29
-318, 165, 156
-357, 84, 319
-502, 1, 446
-502, 1, 446
-690, -10, 568
-776, 32, 713
-881, -36, 895
-1152, -188, 1076
-1326, -270, 1202
-1467, -288, 1336
-1690, -367, 1417
-1868, -459, 1448
-1911, -509, 1434
-1877, -527, 1413
-1771, -511, 1368
-1633, -478, 1252
-1495, -446, 1107
-1364, -383, 991
-1277, -327, 912
-1254, -260, 860
-1169, -167, 838
-1047, -69, 834
-922, -27, 753
-791, 5, 569
-640, 63, 389
-,-,-
-520, 113, 215
-555, 26, 228
-688, 45, 243
-762, 20, 256
-929, -17, 266
-975, -23, 349
-934, -67, 471
-934, -67, 471
-971, -60, 518
-1098, -36, 554
-1172, -99, 677
-1129, -122, 813
-1049, -141, 853
-1135, -200, 820
-1244, -270, 802
-1278, -278, 827
-1311, -276, 854
-1371, -262, 880
-1408, -257, 921
-1419, -268, 913
-1400, -294, 892
-1348, -295, 887
-1293, -265, 872
-1232, -224, 834
-1168, -185, 784
-1138, -165, 725
-1133, -142, 679
-1115, -105, 638
-,-,-
-154, 183, -58
-154, 183, -58
-148, 163, -53
-191, 154, -36
-212, 143, -75
-216, 112, -65
-319, 112, -45
-448, 54, -8
-448, 54, -8
-490, 37, 92
-433, 61, 219
-486, 84, 383
-678, 42, 588
-678, 42, 588
-883, -95, 803
-975, -138, 1061
-1088, -80, 1313
-1290, -139, 1520
-1514, -272, 1601
-1677, -359, 1590
-1769, -416, 1530
-1812, -496, 1474
-1803, -566, 1405
-1708, -578, 1287
-1542, -508, 1168
-1393, -383, 1061
-1293, -260, 969
-1219, -170, 905
-,-,-
-130, 158, 90
-75, 188, 48
-94, 257, 82
-151, 219, 106
-151, 219, 106
-220, 107, 112
-282, 86, 123
-385, 107, 139
-504, 102, 214
-586, 40, 343
-710, -58, 454
-710, -58, 454
-931, -140, 532
-1146, -207, 704
-1289, -271, 961
-1379, -305, 1208
-1534, -383, 1371
-1684, -454, 1413
-1772, -506, 1415
-1794, -558, 1388
-1759, -602, 1324
-1683, -602, 1207
-1393, -423, 961
-1261, -313, 869
-1195, -226, 805
-1195, -226, 765
-1091, -157, 765
-1005, -82, 719
-901, -18, 647
-787, 60, 555
-657, 122, 448
-533, 137, 325
-,-,-
-299, 147, 74
-329, 96, 58
-512, 75, 158
-650, -12, 255
-650, -12, 255
-708, -101, 381
-741, -133, 524
-859, -114, 681
-1021, -130, 846
-1143, -178, 1010
-1191, -153, 1121
-1286, -157, 1200
-1440, -233, 1280
-1567, -301, 1351
-1640, -369, 1375
-1663, -464, 1348
-1617, -538, 1293
-1514, -560, 1172
-1394, -523, 1022
-1288, -459, 892
-1174, -372, 809
-1081, -243, 751
-1025, -156, 693
-968, -68, 637
-908, -33, 569
-875, -20, 487
-803, 15, 410
-713, 27, 345
-679, 47, 274
-647, 31, 227
-647, 31, 227
-605, 6, 159
-526, 16, 115
-410, 67, 90
-318, 74, 63
-318, 74, 63
-,-,-
-696, 54, 468
-678, 51, 651
-821, 31, 790
-1011, -97, 987
-1180, -149, 1139
-1333, -179, 1305
-1581, -323, 1418
-1825, -487, 1484
-1968, -543, 1527
-1967, -601, 1558
-1870, -618, 1500
-1683, -575, 1318
-1505, -499, 1133
-1340, -376, 991
-1167, -275, 899
-1058, -202, 806
-978, -137, 703
-926, -63, 603
-862, -16, 549
-760, 4, 493
-657, 19, 378
-657, 19, 378
-569, 47, 248
-,-,-
-361, 165, 64
-394, 152, 154
-394, 152, 154
-441, 34, 236
-585, -45, 284
-759, -86, 374
-865, -156, 512
-863, -164, 669
-947, -99, 867
-1111, -124, 1066
-1305, -266, 1282
-1384, -290, 1400
-1481, -266, 1422
-1593, -299, 1431
-1681, -374, 1400
-1709, -461, 1349
-1693, -550, 1281
-1624, -605, 1166
-1528, -585, 1061
-1413, -469, 980
-1315, -329, 896
-1227, -208, 817
-1152, -113, 741
-1062, -8, 659
-948, 62, 587
-,-,-
-169, 30, 108
-142, 60, 72
-132, 116, 81
-151, 99, 107
-172, 38, 79
-172, 38, 79
-188, -5, 88
-260, -9, 99
-361, 6, 118
-361, 6, 118
-466, 46, 177
-549, 24, 292
-670, -57, 396
-899, -53, 477
-1085, 49, 664
-1085, 49, 664
-1234, 24, 964
-1327, -11, 1276
-1453, -18, 1493
-1659, -60, 1601
-1832, -193, 1609
-1945, -341, 1557
-1972, -479, 1471
-1874, -531, 1327
-1718, -493, 1161
-1571, -396, 1037
-1484, -250, 930
-1365, -140, 873
-1202, -57, 824
-1086, 23, 766
-958, 59, 719
-,-,-
78, 174, 74
11, 103, 60
11, 103, 60
-115, 47, 76
-225, 44, 87
-335, 84, 118
-335, 84, 118
-522, 138, 214
-722, 103, 331
-962, -1, 452
-1250, -90, 623
-1433, -121, 954
-1580, -132, 1338
-1746, -138, 1626
-1905, -247, 1687
-1998, -369, 1677
-1991, -449, 1663
-1894, -501, 1550
-1736, -541, 1343
-1561, -546, 1122
-1407, -465, 944
-1276, -317, 842
-1188, -216, 794
-1088, -164, 763
-1001, -129, 731
-924, -80, 682
-831, 1, 584
-,-,-
-42, 147, -14
-35, 132, -28
-128, 152, -41
-128, 152, -41
-213, 146, -13
-306, 96, 83
-402, 40, 163
-537, 57, 201
-660, 87, 304
-660, 87, 304
-795, 30, 459
-974, -41, 605
-1139, -31, 759
-1329, -64, 1017
-1542, -140, 1263
-1723, -267, 1493
-1904, -355, 1647
-1997, -444, 1682
-1982, -506, 1612
-1868, -556, 1485
-1708, -577, 1324
-1546, -542, 1133
-1384, -452, 989
-1226, -304, 875
-1106, -212, 784
-1021, -152, 690
-920, -86, 595
-826, -20, 511
-709, 37, 414
-,-,-
-109, 158, -15
-166, 126, -22
-256, 71, 34
-256, 71, 87
-300, 88, 87
-355, 128, 179
-499, 118, 255
-676, 34, 298
-801, -3, 358
-801, -3, 358
-912, 40, 517
-1090, -9, 736
-1251, -90, 926
-1391, -113, 1109
-1552, -170, 1274
-1741, -262, 1422
-1878, -354, 1519
-1966, -437, 1520
-1956, -538, 1458
-1854, -589, 1331
-1711, -595, 1170
-1573, -539, 1010
-1404, -404, 906
-1229, -258, 846
-,-,-
-116, 145, 25
-39, 163, -20
-2, 144, -11
-2, 144, -11
-20, 156, -41
-55, 142, -66
-83, 131, -62
-97, 134, -27
-97, 134, -27
-240, 152, -7
-430, 92, 44
-597, 9, 148
-746, -14, 268
-746, -14, 268
-948, -43, 493
-1229, -118, 769
-1448, -188, 1076
-1684, -314, 1438
-1924, -365, 1635
-1998, -403, 1668
-1998, -417, 1672
-1996, -471, 1625
-1889, -517, 1461
-1504, -403, 1028
-1314, -285, 886
-1167, -191, 791
-1076, -107, 731
-990, -20, 680
-990, -20, 680
-883, 47, 603
-,-,-
-104, 114, -65
-109, 109, -43
-112, 88, -85
-138, 79, -75
-163, 118, -47
-225, 159, 33
-225, 159, 33
-343, 148, 116
-485, 99, 163
-659, 68, 242
-822, 101, 356
-975, 62, 506
-975, 62, 506
-1106, -51, 678
-1262, -89, 843
-1444, -85, 1065
-1582, -131, 1310
-1727, -277, 1524
-1910, -464, 1621
-1998, -607, 1591
-1998, -679, 1474
-1912, -688, 1332
-1720, -634, 1183
-1525, -534, 1035
-1172, -227, 820
-1042, -146, 726
-1042, -146, 726
-945, -91, 614
-862, -41, 495
-,-,-
-44, 145, -71
23, 213, -59
-30, 184, -43
-30, 184, -43
-96, 146, -80
-141, 152, -51
-174, 203, 5
-234, 191, 38
-234, 191, 38
-418, 123, 66
-640, 5, 142
-807, -8, 275
-875, -10, 487
-1046, -83, 736
-1350, -207, 999
-1614, -339, 1291
-1800, -387, 1536
-1956, -475, 1652
-1998, -634, 1672
-1998, -720, 1594
-1993, -749, 1466
-1833, -720, 1294
-1636, -617, 1098
-1468, -494, 952
-1333, -337, 859
-1246, -221, 805
-1149, -155, 778
-1050, -89, 756
-921, -30, 660
-,-,-
-43, 121, -19
33, 104, -27
11, 125, -39
49, 152, -88
84, 214, -105
84, 214, -105
78, 244, -96
51, 255, -76
8, 288, -2
8, 288, -2
-36, 291, 68
-228, 260, 102
-461, 178, 218
-718, 84, 423
-718, 84, 423
-1035, -40, 647
-1380, -164, 953
-1780, -349, 1364
-1998, -502, 1830
-1998, -504, 1998
-1998, -370, 1998
-,-,-
-348, 94, 227
-219, 151, 206
-153, 91, 179
-105, 77, 115
-42, 104, 74
-42, 104, 74
52, 149, 63
131, 198, 8
139, 193, -67
139, 193, -67
123, 167, -157
124, 175, -191
101, 136, -187
41, 94, -170
-20, 114, -141
-20, 114, -141
-118, 198, -65
-292, 207, 72
-609, 71, 191
-937, -61, 318
-1224, -40, 614
-1375, -19, 930
-1471, -33, 1267
-1697, -78, 1651
-1947, -103, 1921
-1998, -226, 1998
-1998, -360, 1975
-1998, -378, 1866
-1998, -359, 1685
-1860, -315, 1487
-,-,-
-122, 59, 92
-122, 59, 92
-44, 53, 60
13, 49, 15
13, 49, 15
78, 85, -57
139, 160, -67
156, 207, -79
156, 207, -79
129, 221, -99
95, 223, -86
14, 226, -82
-101, 208, -43
-203, 177, 4
-203, 177, 4
-346, 139, 105
-550, 147, 252
-812, 170, 450
-1068, 83, 716
-1394, -106, 1100
-1773, -251, 1522
-1993, -302, 1884
-1998, -383, 1998
-1998, -487, 1997
-1998, -497, 1878
-1998, -470, 1636
-,-,-
119, 212, -56
119, 212, -56
125, 186, 2
119, 173, 40
116, 183, 21
100, 166, 32
100, 166, 32
55, 135, 97
-24, 150, 168
-116, 215, 189
-116, 215, 189
-170, 225, 211
-296, 104, 252
-467, -56, 310
-663, -54, 437
-862, 85, 688
-1124, 28, 997
-1471, -242, 1260
-1840, -419, 1420
-1998, -398, 1643
-1998, -324, 1791
-1998, -359, 1882
-1998, -385, 1798
-1998, -347, 1610
-1820, -312, 1380
-,-,-
-238, 158, 182
-214, 54, 126
-181, 71, 48
-181, 71, 48
-97, 105, 16
-43, 123, 13
-24, 94, 19
-24, 94, 19
-2, 111, 5
33, 177, -51
66, 225, -77
66, 225, -77
50, 223, -7
-12, 192, 27
-156, 187, 75
-156, 187, 75
-331, 136, 174
-516, 48, 255
-767, -19, 347
-1046, -57, 503
-1313, -167, 734
-1554, -291, 1067
-1852, -406, 1477
-1998, -458, 1878
-1998, -448, 1998
-1998, -473, 1998
-1998, -530, 1937
-1998, -574, 1744
-1835, -526, 1525
-1474, -400, 1307
-1171, -289, 1111
-,-,-
-33, 27, -116
16, 59, -99
16, 59, -99
28, 151, -57
11, 125, -25
-47, 93, -8
-47, 93, -8
-80, 92, -9
-116, 93, 23
-155, 93, 119
-155, 93, 119
-253, 158, 188
-408, 200, 296
-503, 156, 361
-570, 52, 373
-832, 27, 445
-832, 27, 445
-1103, -67, 646
-1254, -156, 906
-1452, -201, 1179
-1694, -325, 1473
-1904, -430, 1769
-1998, -432, 1922
-1998, -452, 1894
-1998, -481, 1728
-1961, -437, 1485
-1876, -297, 1247
-1430, -91, 1171
-1208, -48, 1079
-1091, -50, 945
-1091, -50, 945
-,-,-
74, 171, -30
40, 123, -81
40, 123, -81
-33, 173, -26
-110, 174, 97
-247, 89, 184
-458, -26, 228
-633, -42, 309
-633, -42, 309
-717, 37, 508
-830, -1, 757
-1141, -118, 963
-1351, -192, 1118
-1531, -213, 1321
-1739, -262, 1494
-1951, -342, 1602
-1998, -361, 1703
-1998, -317, 1740
-1993, -321, 1705
-1880, -416, 1572
-1728, -469, 1394
-1602, -391, 1237
-1467, -231, 1101
-1327, -134, 983
-1207, -53, 811
-1043, 39, 638
-845, 95, 540
-681, 165, 399
-503, 217, 287
-406, 190, 204
-271, 138, 142
-153, 181, 93
-153, 181, 93
-79, 164, 94
-,-,-
126, 144, -88
109, 74, -20
-25, 18, 81
-133, 93, 110
-133, 93, 110
-249, 133, 129
-404, 68, 153
-615, -20, 215
-767, -13, 301
-873, 52, 458
-1075, -10, 714
-1075, -10, 714
-1301, -187, 953
-1471, -212, 1176
-1547, -93, 1457
-1698, -89, 1747
-1898, -253, 1844
-1997, -419, 1764
-1964, -592, 1432
-1830, -643, 1248
-1701, -587, 1131
-1544, -469, 1052
-1355, -293, 976
-1209, -146, 868
-1099, -56, 777
-981, -22, 695
-981, -22, 695
-909, 58, 623
-809, 159, 541
-677, 158, 422
-546, 88, 266
-412, 64, 152
-299, 76, 107
-299, 76, 107
-201, 118, 120
